5000	
0.2	-64.99999761
0.4	-64.99776347
0.6	-64.99613533
0.8	-64.99518097
1	-64.99476231
1.2	-64.99476909
1.4	-64.99511809
1.6	-64.99574529
1.8	-64.99660067
2	-64.99764477
2.2	-64.99884614
2.4	-65.00017956
2.6	-65.00162467
2.8	-65.00316494
3	-65.00478689
3.2	-65.00647939
3.4	-65.00823326
3.6	-65.01004087
3.8	-65.01189583
4	-65.01379271
4.2	-65.015727
4.4	-65.01769477
4.6	-65.0196927
4.8	-65.02171793
5	-65.02376797
5.2	-65.02584064
5.4	-65.02793406
5.6	-65.03004656
5.8	-65.03217664
6	-65.03432301
6.2	-65.03648447
6.4	-65.03865999
6.6	-65.04084857
6.8	-65.04304937
7	-65.04526159
7.2	-65.0474845
7.4	-65.04971744
7.6	-65.0519598
7.8	-65.05421096
8	-65.05647041
8.2	-65.0587377
8.4	-65.06101234
8.6	-65.06329396
8.8	-65.06558211
9	-65.06787647
9.2	-65.07017667
9.4	-65.07248239
9.6	-65.07479329
9.8	-65.0771091
10	-65.07942953
10.2	-65.08175431
10.4	-65.08408319
10.6	-65.08641593
10.8	-65.08875229
11	-65.09109203
11.2	-65.09343496
11.4	-65.09578086
11.6	-65.09812953
11.8	-65.10048077
12	-65.1028344
12.2	-65.1051902
12.4	-65.10754803
12.6	-65.10990774
12.8	-65.11226917
13	-65.1146322
13.2	-65.11699667
13.4	-65.11936244
13.6	-65.12172941
13.8	-65.12409743
14	-65.12646637
14.2	-65.12883614
14.4	-65.13120661
14.6	-65.13357767
14.8	-65.13594921
15	-65.13832114
15.2	-65.14069334
15.4	-65.1430657
15.6	-65.14543814
15.8	-65.14781056
16	-65.15018286
16.2	-65.15255493
16.4	-65.15492669
16.6	-65.15729801
16.8	-65.15966889
17	-65.16203921
17.2	-65.16440894
17.4	-65.16677797
17.6	-65.16914627
17.8	-65.17151374
18	-65.17388034
18.2	-65.17624601
18.4	-65.17861067
18.6	-65.18097429
18.8	-65.18333679
19	-65.1856981
19.2	-65.1880582
19.4	-65.190417
19.6	-65.19277447
19.8	-65.19513054
20	-65.19748516
20.2	-65.19983827
20.4	-65.20218981
20.6	-65.20453971
20.8	-65.20688794
21	-65.20923446
21.2	-65.21157921
21.4	-65.2139222
21.6	-65.21626336
21.8	-65.21860267
22	-65.22094007
22.2	-65.22327556
22.4	-65.22560909
22.6	-65.22794061
22.8	-65.2302701
23	-65.23259754
23.2	-65.23492289
23.4	-65.23724611
23.6	-65.23956717
23.8	-65.24188604
24	-65.24420269
24.2	-65.24651709
24.4	-65.24882917
24.6	-65.25113893
24.8	-65.2534463
25	-65.25575127
25.2	-65.25805381
25.4	-65.26035391
25.6	-65.26265154
25.8	-65.26494669
26	-65.26723934
26.2	-65.26952946
26.4	-65.27181704
26.6	-65.27410206
26.8	-65.27638449
27	-65.27866433
27.2	-65.28094154
27.4	-65.28321611
27.6	-65.28548804
27.8	-65.28775729
28	-65.29002384
28.2	-65.29228769
28.4	-65.29454879
28.6	-65.29680713
28.8	-65.29906269
29	-65.30131543
29.2	-65.30356533
29.4	-65.30581237
29.6	-65.30805654
29.8	-65.31029783
30	-65.31253624
30.2	-65.31477174
30.4	-65.31700436
30.6	-65.31923403
30.8	-65.32146079
31	-65.32368461
31.2	-65.32590549
31.4	-65.3281234
31.6	-65.33033834
31.8	-65.3325503
32	-65.33475927
32.2	-65.33696526
32.4	-65.33916821
32.6	-65.34136816
32.8	-65.34356506
33	-65.3457589
33.2	-65.34794967
33.4	-65.35013736
33.6	-65.35232193
33.8	-65.35450337
34	-65.35668166
34.2	-65.35885683
34.4	-65.36102886
34.6	-65.36319773
34.8	-65.36536346
35	-65.36752604
35.2	-65.36968546
35.4	-65.37184171
35.6	-65.37399481
35.8	-65.37614473
36	-65.37829147
36.2	-65.38043503
36.4	-65.3825754
36.6	-65.38471259
36.8	-65.38684657
37	-65.38897734
37.2	-65.39110491
37.4	-65.39322926
37.6	-65.39535037
37.8	-65.39746823
38	-65.39958284
38.2	-65.40169417
38.4	-65.40380221
38.6	-65.40590696
38.8	-65.4080084
39	-65.41010656
39.2	-65.41220143
39.4	-65.414293
39.6	-65.41638129
39.8	-65.41846627
40	-65.42054797
40.2	-65.42262637
40.4	-65.42470147
40.6	-65.42677329
40.8	-65.42884179
41	-65.43090699
41.2	-65.4329689
41.4	-65.43502749
41.6	-65.43708277
41.8	-65.43913476
42	-65.44118341
42.2	-65.44322874
42.4	-65.44527076
42.6	-65.44730943
42.8	-65.44934476
43	-65.4513767
43.2	-65.45340529
43.4	-65.45543049
43.6	-65.4574523
43.8	-65.45947076
44	-65.46148584
44.2	-65.46349757
44.4	-65.46550593
44.6	-65.46751093
44.8	-65.46951257
45	-65.47151086
45.2	-65.47350577
45.4	-65.47549734
45.6	-65.47748556
45.8	-65.47947041
46	-65.48145191
46.2	-65.48343007
46.4	-65.48540486
46.6	-65.4873763
46.8	-65.48934439
47	-65.4913091
47.2	-65.49327047
47.4	-65.49522847
47.6	-65.49718309
47.8	-65.49913433
48	-65.50108217
48.2	-65.5030266
48.4	-65.50496763
48.6	-65.50690526
48.8	-65.50883949
49	-65.51077033
49.2	-65.51269777
49.4	-65.51462184
49.6	-65.51654254
49.8	-65.51845986
50	-65.52037379
50.2	-65.52228436
50.4	-65.52419156
50.6	-65.52609539
50.8	-65.52799586
51	-65.52989297
51.2	-65.53178671
51.4	-65.53367711
51.6	-65.53556414
51.8	-65.53744783
52	-65.53932814
52.2	-65.54120511
52.4	-65.54307873
52.6	-65.54494897
52.8	-65.54681586
53	-65.54867937
53.2	-65.5505395
53.4	-65.55239623
53.6	-65.55424956
53.8	-65.5560995
54	-65.55794606
54.2	-65.55978924
54.4	-65.56162906
54.6	-65.5634655
54.8	-65.56529859
55	-65.56712831
55.2	-65.56895469
55.4	-65.5707777
55.6	-65.57259737
55.8	-65.5744137
56	-65.5762267
56.2	-65.57803636
56.4	-65.57984269
56.6	-65.58164569
56.8	-65.58344536
57	-65.5852417
57.2	-65.58703473
57.4	-65.58882443
57.6	-65.59061081
57.8	-65.59239387
58	-65.59417361
58.2	-65.59595004
58.4	-65.59772313
58.6	-65.59949287
58.8	-65.60125927
59	-65.60302231
59.2	-65.60478201
59.4	-65.60653837
59.6	-65.60829139
59.8	-65.61004107
60	-65.61178744
60.2	-65.61353049
60.4	-65.61527023
60.6	-65.61700666
60.8	-65.61873979
61	-65.62046961
61.2	-65.62219614
61.4	-65.62391939
61.6	-65.62563934
61.8	-65.62735603
62	-65.62906943
62.2	-65.63077956
62.4	-65.63248641
62.6	-65.63419001
62.8	-65.63589034
63	-65.63758741
63.2	-65.63928121
63.4	-65.64097177
63.6	-65.64265907
63.8	-65.64434311
64	-65.6460239
64.2	-65.64770141
64.4	-65.64937566
64.6	-65.65104661
64.8	-65.65271429
65	-65.65437869
65.2	-65.6560398
65.4	-65.65769764
65.6	-65.65935223
65.8	-65.66100357
66	-65.66265167
66.2	-65.66429651
66.4	-65.66593813
66.6	-65.66757651
66.8	-65.66921167
67	-65.6708436
67.2	-65.67247231
67.4	-65.67409783
67.6	-65.67572013
67.8	-65.67733923
68	-65.67895513
68.2	-65.68056783
68.4	-65.68217736
68.6	-65.68378369
68.8	-65.68538684
69	-65.68698681
69.2	-65.68858361
69.4	-65.69017723
69.6	-65.69176769
69.8	-65.69335496
70	-65.69493907
70.2	-65.69652
70.4	-65.69809776
70.6	-65.69967231
70.8	-65.70124369
71	-65.70281186
71.2	-65.70437684
71.4	-65.70593864
71.6	-65.70749726
71.8	-65.7090527
72	-65.71060499
72.2	-65.71215413
72.4	-65.71370011
72.6	-65.71524294
72.8	-65.71678264
73	-65.71831921
73.2	-65.71985264
73.4	-65.72138296
73.6	-65.72291016
73.8	-65.72443423
74	-65.7259552
74.2	-65.72747307
74.4	-65.72898784
74.6	-65.73049953
74.8	-65.73200811
75	-65.73351361
75.2	-65.73501604
75.4	-65.73651537
75.6	-65.73801164
75.8	-65.73950483
76	-65.74099496
76.2	-65.74248201
76.4	-65.743966
76.6	-65.74544693
76.8	-65.74692477
77	-65.74839954
77.2	-65.74987123
77.4	-65.75133983
77.6	-65.75280533
77.8	-65.75426776
78	-65.7557271
78.2	-65.75718339
78.4	-65.7586366
78.6	-65.76008676
78.8	-65.76153387
79	-65.76297794
79.2	-65.76441899
79.4	-65.76585699
79.6	-65.76729197
79.8	-65.76872393
80	-65.77015287
80.2	-65.77157881
80.4	-65.77300174
80.6	-65.77442167
80.8	-65.77583861
81	-65.77725256
81.2	-65.77866353
81.4	-65.78007151
81.6	-65.78147653
81.8	-65.78287857
82	-65.78427764
82.2	-65.78567376
82.4	-65.78706691
82.6	-65.7884571
82.8	-65.78984434
83	-65.79122864
83.2	-65.79260999
83.4	-65.79398839
83.6	-65.79536384
83.8	-65.79673634
84	-65.79810589
84.2	-65.79947249
84.4	-65.8008361
84.6	-65.80219676
84.8	-65.80355446
85	-65.8049092
85.2	-65.80626097
85.4	-65.80760981
85.6	-65.80895573
85.8	-65.81029871
86	-65.81163879
86.2	-65.81297593
86.4	-65.81431017
86.6	-65.8156415
86.8	-65.81696994
87	-65.81829549
87.2	-65.81961814
87.4	-65.8209379
87.6	-65.8222548
87.8	-65.82356881
88	-65.82487997
88.2	-65.82618827
88.4	-65.8274937
88.6	-65.82879629
88.8	-65.83009603
89	-65.83139291
89.2	-65.83268697
89.4	-65.8339782
89.6	-65.83526659
89.8	-65.83655216
90	-65.8378349
90.2	-65.83911481
90.4	-65.84039191
90.6	-65.84166621
90.8	-65.84293769
91	-65.84420636
91.2	-65.84547221
91.4	-65.84673526
91.6	-65.84799549
91.8	-65.84925289
92	-65.85050747
92.2	-65.85175923
92.4	-65.85300816
92.6	-65.85425427
92.8	-65.85549756
93	-65.85673804
93.2	-65.85797573
93.4	-65.85921063
93.6	-65.86044274
93.8	-65.86167209
94	-65.86289864
94.2	-65.86412244
94.4	-65.86534347
94.6	-65.86656176
94.8	-65.86777729
95	-65.86899006
95.2	-65.8702001
95.4	-65.8714074
95.6	-65.87261197
95.8	-65.87381381
96	-65.87501293
96.2	-65.87620934
96.4	-65.87740304
96.6	-65.87859404
96.8	-65.87978233
97	-65.88096793
97.2	-65.88215083
97.4	-65.88333104
97.6	-65.88450859
97.8	-65.88568343
98	-65.8868556
98.2	-65.88802511
98.4	-65.88919194
98.6	-65.8903561
98.8	-65.89151761
99	-65.89267646
99.2	-65.89383264
99.4	-65.89498617
99.6	-65.89613703
99.8	-65.89728523
100	-65.89843077
100.2	-65.89957364
100.4	-65.90071384
100.6	-65.90185137
100.8	-65.90298624
101	-65.90411843
101.2	-65.90524796
101.4	-65.90637484
101.6	-65.90749907
101.8	-65.90862069
102	-65.90973966
102.2	-65.91085601
102.4	-65.91196974
102.6	-65.91308086
102.8	-65.91418937
103	-65.91529529
103.2	-65.91639859
103.4	-65.9174993
103.6	-65.91859743
103.8	-65.91969297
104	-65.92078594
104.2	-65.92187633
104.4	-65.92296416
104.6	-65.92404943
104.8	-65.92513213
105	-65.92621229
105.2	-65.9272899
105.4	-65.92836496
105.6	-65.92943749
105.8	-65.93050747
106	-65.93157493
106.2	-65.93263987
106.4	-65.93370229
106.6	-65.93476219
106.8	-65.93581957
107	-65.93687444
107.2	-65.9379268
107.4	-65.93897666
107.6	-65.94002403
107.8	-65.9410689
108	-65.94211127
108.2	-65.94315116
108.4	-65.94418854
108.6	-65.94522346
108.8	-65.94625587
109	-65.94728579
109.2	-65.9483132
109.4	-65.94933814
109.6	-65.95036059
109.8	-65.95138051
110	-65.95239794
110.2	-65.95341289
110.4	-65.95442533
110.6	-65.95543529
110.8	-65.95644277
111	-65.95744779
111.2	-65.95845036
111.4	-65.95945046
111.6	-65.96044811
111.8	-65.96144333
112	-65.9624361
112.2	-65.96342643
112.4	-65.96441433
112.6	-65.96539981
112.8	-65.96638287
113	-65.96736351
113.2	-65.96834174
113.4	-65.96931756
113.6	-65.97029099
113.8	-65.971262
114	-65.97223064
114.2	-65.97319689
114.4	-65.97416076
114.6	-65.97512224
114.8	-65.97608136
115	-65.97703811
115.2	-65.9779925
115.4	-65.97894453
115.6	-65.9798942
115.8	-65.98084151
116	-65.9817865
116.2	-65.98272913
116.4	-65.98366943
116.6	-65.9846074
116.8	-65.98554303
117	-65.98647633
117.2	-65.98740731
117.4	-65.98833599
117.6	-65.98926233
117.8	-65.99018637
118	-65.9911081
118.2	-65.99202751
118.4	-65.99294463
118.6	-65.99385944
118.8	-65.99477196
119	-65.99568217
119.2	-65.99659009
119.4	-65.99749569
119.6	-65.99839899
119.8	-65.99929999
120	-66.0001987
120.2	-66.00109509
120.4	-66.00198916
120.6	-66.00288094
120.8	-66.00377041
121	-66.00465759
121.2	-66.00554246
121.4	-66.00642507
121.6	-66.00730541
121.8	-66.00818349
122	-66.00905929
122.2	-66.00993284
122.4	-66.01080414
122.6	-66.0116732
122.8	-66.01254001
123	-66.01340459
123.2	-66.01426691
123.4	-66.01512703
123.6	-66.01598491
123.8	-66.01684057
124	-66.01769401
124.2	-66.01854526
124.4	-66.01939429
124.6	-66.02024111
124.8	-66.02108574
125	-66.02192817
125.2	-66.02276843
125.4	-66.0236065
125.6	-66.02444239
125.8	-66.0252761
126	-66.02610766
126.2	-66.02693703
126.4	-66.02776424
126.6	-66.02858931
126.8	-66.02941221
127	-66.03023299
127.2	-66.0310516
127.4	-66.03186807
127.6	-66.03268241
127.8	-66.03349463
128	-66.0343047
128.2	-66.03511266
128.4	-66.03591849
128.6	-66.0367222
128.8	-66.0375238
129	-66.03832329
129.2	-66.03912067
129.4	-66.03991596
129.6	-66.04070913
129.8	-66.0415002
130	-66.04228919
130.2	-66.04307607
130.4	-66.04386087
130.6	-66.04464359
130.8	-66.0454242
131	-66.04620273
131.2	-66.04697917
131.4	-66.04775351
131.6	-66.04852577
131.8	-66.04929596
132	-66.05006404
132.2	-66.05083004
132.4	-66.05159393
132.6	-66.05235574
132.8	-66.05311547
133	-66.05387311
133.2	-66.05462867
133.4	-66.05538216
133.6	-66.05613359
133.8	-66.05688297
134	-66.0576303
134.2	-66.05837559
134.4	-66.05911883
134.6	-66.05986003
134.8	-66.06059921
135	-66.06133636
135.2	-66.06207149
135.4	-66.0628046
135.6	-66.06353569
135.8	-66.06426477
136	-66.06499184
136.2	-66.06571691
136.4	-66.06643999
136.6	-66.06716107
136.8	-66.06788016
137	-66.06859726
137.2	-66.06931237
137.4	-66.07002551
137.6	-66.0707367
137.8	-66.0714459
138	-66.07215314
138.2	-66.07285843
138.4	-66.07356176
138.6	-66.07426313
138.8	-66.07496256
139	-66.07566006
139.2	-66.0763556
139.4	-66.07704921
139.6	-66.0777409
139.8	-66.07843066
140	-66.07911849
140.2	-66.0798044
140.4	-66.0804884
140.6	-66.08117049
140.8	-66.08185067
141	-66.08252896
141.2	-66.08320533
141.4	-66.08387981
141.6	-66.08455241
141.8	-66.08522311
142	-66.08589193
142.2	-66.08655886
142.4	-66.08722391
142.6	-66.0878871
142.8	-66.0885484
143	-66.08920784
143.2	-66.08986541
143.4	-66.09052113
143.6	-66.09117497
143.8	-66.09182696
144	-66.0924771
144.2	-66.09312539
144.4	-66.09377181
144.6	-66.0944164
144.8	-66.09505914
145	-66.09570004
145.2	-66.09633909
145.4	-66.09697627
145.6	-66.09761163
145.8	-66.09824513
146	-66.09887681
146.2	-66.09950666
146.4	-66.10013466
146.6	-66.1007608
146.8	-66.1013851
147	-66.10200757
147.2	-66.1026282
147.4	-66.10324697
147.6	-66.10386393
147.8	-66.10447904
148	-66.10509234
148.2	-66.10570384
148.4	-66.10631353
148.6	-66.10692143
148.8	-66.10752751
149	-66.10813181
149.2	-66.10873433
149.4	-66.10933504
149.6	-66.10993399
149.8	-66.11053116
150	-66.11112656
150.2	-66.11172017
150.4	-66.11231203
150.6	-66.11290213
150.8	-66.11349047
151	-66.11407706
151.2	-66.1146619
151.4	-66.11524499
151.6	-66.11582631
151.8	-66.11640591
152	-66.11698379
152.2	-66.11755991
152.4	-66.11813431
152.6	-66.118707
152.8	-66.11927796
153	-66.11984721
153.2	-66.12041474
153.4	-66.12098057
153.6	-66.1215447
153.8	-66.12210711
154	-66.12266784
154.2	-66.12322689
154.4	-66.12378423
154.6	-66.1243399
154.8	-66.12489389
155	-66.12544619
155.2	-66.12599681
155.4	-66.12654577
155.6	-66.12709307
155.8	-66.1276387
156	-66.12818267
156.2	-66.12872499
156.4	-66.12926564
156.6	-66.12980466
156.8	-66.13034203
157	-66.13087776
157.2	-66.13141186
157.4	-66.13194431
157.6	-66.13247514
157.8	-66.13300434
158	-66.13353191
158.2	-66.13405787
158.4	-66.13458221
158.6	-66.13510494
158.8	-66.13562606
159	-66.13614556
159.2	-66.13666346
159.4	-66.13717976
159.6	-66.13769446
159.8	-66.13820757
160	-66.13871909
160.2	-66.13922901
160.4	-66.13973736
160.6	-66.14024411
160.8	-66.14074929
161	-66.14125287
161.2	-66.14175489
161.4	-66.14225534
161.6	-66.14275421
161.8	-66.14325153
162	-66.14374727
162.2	-66.14424144
162.4	-66.14473406
162.6	-66.14522511
162.8	-66.14571461
163	-66.14620256
163.2	-66.14668893
163.4	-66.14717374
163.6	-66.147657
163.8	-66.14813871
164	-66.14861889
164.2	-66.14909751
164.4	-66.14957461
164.6	-66.15005016
164.8	-66.15052413
165	-66.15099654
165.2	-66.15146741
165.4	-66.15193674
165.6	-66.15240453
165.8	-66.15287077
166	-66.15333547
166.2	-66.15379864
166.4	-66.15426027
166.6	-66.1547204
166.8	-66.155179
167	-66.1556361
167.2	-66.15609169
167.4	-66.15654579
167.6	-66.15699837
167.8	-66.15744946
168	-66.15789906
168.2	-66.15834717
168.4	-66.1587938
168.6	-66.15923894
168.8	-66.15968261
169	-66.16012481
169.2	-66.16056553
169.4	-66.16100479
169.6	-66.16144257
169.8	-66.1618789
170	-66.16231377
170.2	-66.16274719
170.4	-66.16317916
170.6	-66.16360967
170.8	-66.16403874
171	-66.16446637
171.2	-66.16489256
171.4	-66.1653173
171.6	-66.16574061
171.8	-66.1661625
172	-66.16658296
172.2	-66.167002
172.4	-66.16741961
172.6	-66.16783583
172.8	-66.16825061
173	-66.168664
173.2	-66.16907599
173.4	-66.16948656
173.6	-66.16989574
173.8	-66.17030353
174	-66.17070993
174.2	-66.17111494
174.4	-66.17151857
174.6	-66.17192081
174.8	-66.17232169
175	-66.17272119
175.2	-66.1731193
175.4	-66.17351606
175.6	-66.17391144
175.8	-66.17430547
176	-66.17469814
176.2	-66.17508946
176.4	-66.17547943
176.6	-66.17586804
176.8	-66.17625531
177	-66.17664123
177.2	-66.17702581
177.4	-66.17740907
177.6	-66.17779099
177.8	-66.17817159
178	-66.17855084
178.2	-66.17892879
178.4	-66.1793054
178.6	-66.17968071
178.8	-66.1800547
179	-66.18042737
179.2	-66.18079874
179.4	-66.18116881
179.6	-66.18153759
179.8	-66.18190504
180	-66.18227123
180.2	-66.1826361
180.4	-66.18299969
180.6	-66.18336199
180.8	-66.18372301
181	-66.18408274
181.2	-66.1844412
181.4	-66.18479839
181.6	-66.1851543
181.8	-66.18550894
182	-66.18586233
182.2	-66.18621444
182.4	-66.18656529
182.6	-66.18691489
182.8	-66.18726323
183	-66.18761031
183.2	-66.18795614
183.4	-66.18830074
183.6	-66.18864409
183.8	-66.18898619
184	-66.18932704
184.2	-66.18966667
184.4	-66.19000506
184.6	-66.19034221
184.8	-66.19067814
185	-66.19101284
185.2	-66.1913463
185.4	-66.19167856
185.6	-66.19200957
185.8	-66.19233939
186	-66.19266799
186.2	-66.19299537
186.4	-66.19332156
186.6	-66.19364651
186.8	-66.19397027
187	-66.19429283
187.2	-66.19461417
187.4	-66.19493431
187.6	-66.19525327
187.8	-66.19557103
188	-66.1958876
188.2	-66.19620296
188.4	-66.19651713
188.6	-66.1968301
188.8	-66.19714189
189	-66.19745247
189.2	-66.19776189
189.4	-66.19807011
189.6	-66.19837717
189.8	-66.19868304
190	-66.19898776
190.2	-66.1992913
190.4	-66.19959369
190.6	-66.19989491
190.8	-66.20019493
191	-66.20049376
191.2	-66.20079141
191.4	-66.20108789
191.6	-66.2013832
191.8	-66.20167734
192	-66.20197031
192.2	-66.20226213
192.4	-66.20255277
192.6	-66.20284227
192.8	-66.2031306
193	-66.20341779
193.2	-66.20370381
193.4	-66.2039887
193.6	-66.20427246
193.8	-66.20455509
194	-66.20483657
194.2	-66.20511694
194.4	-66.20539619
194.6	-66.20567431
194.8	-66.20595131
195	-66.2062272
195.2	-66.20650197
195.4	-66.20677564
195.6	-66.2070482
195.8	-66.20731964
196	-66.20759
196.2	-66.20785926
196.4	-66.2081274
196.6	-66.20839447
196.8	-66.20866044
197	-66.20892533
197.2	-66.20918913
197.4	-66.20945184
197.6	-66.20971349
197.8	-66.20997404
198	-66.21023353
198.2	-66.21049194
198.4	-66.21074929
198.6	-66.21100557
198.8	-66.21126079
199	-66.21151494
199.2	-66.21176804
199.4	-66.2120201
199.6	-66.2122711
199.8	-66.21252104
200	-66.21276994
200.2	-66.21301781
200.4	-65.6759747
200.6	-65.01846097
200.8	-64.47218909
201	-64.01145514
201.2	-63.61395161
201.4	-63.26417441
201.6	-62.95087506
201.8	-62.66615304
202	-62.40392089
202.2	-62.1598427
202.4	-61.93035924
202.6	-61.71296076
202.8	-61.50543961
203	-61.30629519
203.2	-61.1140906
203.4	-60.92791316
203.6	-60.74678609
203.8	-60.57015247
204	-60.39731997
204.2	-60.2279533
204.4	-60.06154116
204.6	-59.89788961
204.8	-59.7366056
205	-59.57758723
205.2	-59.42052046
205.4	-59.26536441
205.6	-59.1118592
205.8	-58.9600049
206	-58.80957957
206.2	-58.66061123
206.4	-58.51290516
206.6	-58.36650854
206.8	-58.22124667
207	-58.07718007
207.2	-57.93414907
207.4	-57.79222346
207.6	-57.65125514
207.8	-57.51132039
208	-57.37228029
208.2	-57.23421554
208.4	-57.09699469
208.6	-56.96070144
208.8	-56.82521054
209	-56.69060766
209.2	-56.55677274
209.4	-56.42379274
209.6	-56.2915521
209.8	-56.16013846
210	-56.02944021
210.2	-55.89954526
210.4	-55.77034556
210.6	-55.64192893
210.8	-55.51419053
211	-55.38721791
211.2	-55.26090917
211.4	-55.13535136
211.6	-55.01044527
211.8	-54.88627737
212	-54.76275096
212.2	-54.63995173
212.4	-54.51778539
212.6	-54.39633679
212.8	-54.27551384
213	-54.15540056
213.2	-54.03590694
213.4	-53.917116
213.6	-53.79893979
213.8	-53.68146031
214	-53.56459153
214.2	-53.44841437
214.4	-53.33284466
214.6	-53.21796226
214.8	-53.1036847
215	-52.9900908
215.2	-52.87709973
215.4	-52.76478919
215.6	-52.65307997
215.8	-52.54204861
216	-52.43161749
216.2	-52.32186197
216.4	-52.21270591
216.6	-52.10422353
216.8	-51.99634009
217	-51.88912864
217.2	-51.78251586
217.4	-51.67657357
217.6	-51.5712298
217.8	-51.46655517
218	-51.36247899
218.2	-51.2590707
218.4	-51.15626081
218.6	-51.0541176
218.8	-50.95257274
219	-50.8516933
219.2	-50.75141213
219.4	-50.65179509
219.6	-50.55277611
219.8	-50.45441986
220	-50.35666134
220.2	-50.25956401
220.4	-50.16306389
220.6	-50.06722324
220.8	-49.9719791
221	-49.87739249
221.2	-49.78340141
221.4	-49.69006573
221.6	-49.59732433
221.8	-49.5052359
222	-49.41374021
222.2	-49.32289476
222.4	-49.23264019
222.6	-49.1430328
222.8	-49.0540141
223	-48.96563921
223.2	-48.87785046
223.4	-48.7907018
223.6	-48.70413629
223.8	-48.61820676
224	-48.53285704
224.2	-48.4481388
224.4	-48.36399659
224.6	-48.28048094
224.8	-48.19753714
225	-48.11521463
225.2	-48.03345933
225.4	-47.95231959
225.6	-47.87174201
225.8	-47.79177384
226	-47.71236234
226.2	-47.63355361
226.4	-47.55529563
226.6	-47.47763344
226.8	-47.4005156
227	-47.32398611
227.2	-47.24799419
227.4	-47.17258276
227.6	-47.09770163
227.8	-47.02339273
228	-46.94960644
228.2	-46.87638369
228.4	-46.80367539
228.6	-46.7315215
228.8	-46.65987357
229	-46.58877059
229.2	-46.51816459
229.4	-46.44809369
229.6	-46.37851049
229.8	-46.30945213
230	-46.24087177
230.2	-46.17280551
230.4	-46.1052072
230.6	-46.03811197
230.8	-45.97147401
231	-45.905328
231.2	-45.83962853
231.4	-45.77440906
231.6	-45.70962499
231.8	-45.64530923
232	-45.58141739
232.2	-45.51798133
232.4	-45.45495729
232.6	-45.39237633
232.8	-45.3301952
233	-45.26844429
233.2	-45.20708087
233.4	-45.1461345
233.6	-45.08556291
233.8	-45.02539496
234	-44.96558867
234.2	-44.90617161
234.4	-44.84710279
234.6	-44.78840963
234.8	-44.7300514
235	-44.67205401
235.2	-44.61437743
235.4	-44.55704727
235.6	-44.50002334
235.8	-44.44333126
236	-44.38693079
236.2	-44.33084681
236.4	-44.27504029
236.6	-44.21953443
236.8	-44.16429039
237	-44.1093311
237.2	-44.0546179
237.4	-44.00017341
237.6	-43.94595903
237.8	-43.89199696
238	-43.83824863
238.2	-43.78473444
238.4	-43.7314177
238.6	-43.67831843
238.8	-43.62539967
239	-43.57267979
239.2	-43.52012233
239.4	-43.46774593
239.6	-43.41551283
239.8	-43.36344011
240	-43.3114926
240.2	-43.25968694
240.4	-43.20798567
240.6	-43.15640679
240.8	-43.10491274
241	-43.05351766
241.2	-43.00218479
241.4	-42.9509303
241.6	-42.89971634
241.8	-42.84855511
242	-42.79740896
242.2	-42.74629079
242.4	-42.69516509
242.6	-42.64404137
242.8	-42.592881
243	-42.54169519
243.2	-42.49044643
243.4	-42.43914113
243.6	-42.3877429
243.8	-42.33625763
244	-42.2846435
244.2	-42.23290366
244.4	-42.18100137
244.6	-42.12893829
244.8	-42.07667493
245	-42.02420834
245.2	-41.97149441
245.4	-41.91853246
245.6	-41.86527696
245.8	-41.81172201
246	-41.75782087
246.2	-41.70356176
246.4	-41.6488973
246.6	-41.59381621
246.8	-41.53825877
247	-41.4822118
247.2	-41.42561801
247.4	-41.3684455
247.6	-41.31063009
247.8	-41.25214364
248	-41.19291381
248.2	-41.13290043
248.4	-41.07202107
248.6	-41.01023023
248.8	-40.94743724
249	-40.88357113
249.2	-40.81852186
249.4	-40.7522078
249.6	-40.68450391
249.8	-40.61530111
250	-40.54444953
250.2	-40.47179949
250.4	-40.39716859
250.6	-40.32037811
250.8	-40.24117884
251	-40.15931629
251.2	-40.07446791
251.4	-39.98629843
251.6	-39.89436724
251.8	-39.7982062
252	-39.69719913
252.2	-39.59065889
252.4	-39.47769949
252.6	-39.35720991
252.8	-39.22772256
253	-39.08745417
253.2	-38.93397883
253.4	-38.76397031
253.6	-38.57272814
253.8	-38.35324056
254	-38.09468666
254.2	-37.77880376
254.4	-37.37166899
254.6	-36.8002339
254.8	-35.86351063
255	-33.66329631
255.2	-18.80665826
255.4	6.19118945
255.6	15.98563706
255.8	20.55317736
256	22.77296053
256.2	23.78267549
256.4	23.7692864
256.6	22.74425446
256.8	20.766088
257	17.9005864
257.2	14.26969027
257.4	10.07852102
257.6	5.579100919
257.8	1.013904751
258	-3.436955134
258.2	-7.680204679
258.4	-11.71225131
258.6	-15.58560013
258.8	-19.3481061
259	-22.9837569
259.2	-26.41215991
259.4	-29.53990173
259.6	-32.32509557
259.8	-34.7819962
260	-36.93312586
260.2	-38.78192287
260.4	-40.33729121
260.6	-41.62642119
260.8	-42.68959829
261	-43.56742996
261.2	-44.29685841
261.4	-44.9073192
261.6	-45.42301564
261.8	-45.86199339
262	-46.23917387
262.2	-46.56537464
262.4	-46.84995169
262.6	-47.09947486
262.8	-47.32002149
263	-47.5156408
263.2	-47.69043364
263.4	-47.8469142
263.6	-47.98795811
263.8	-48.11512134
264	-48.230501
264.2	-48.33504241
264.4	-48.4303368
264.6	-48.51693349
264.8	-48.5960879
265	-48.66808836
265.2	-48.73396257
265.4	-48.79382434
265.6	-48.84854337
265.8	-48.89811507
266	-48.94329699
266.2	-48.98400304
266.4	-49.02090906
266.6	-49.05387231
266.8	-49.0835075
267	-49.10963213
267.2	-49.13281397
267.4	-49.15284237
267.6	-49.17024823
267.8	-49.18480089
268	-49.19700139
268.2	-49.20660494
268.4	-49.21408801
268.6	-49.21919586
268.8	-49.22238417
269	-49.2233914
269.2	-49.22265536
269.4	-49.21990999
269.6	-49.21557736
269.8	-49.20938859
270	-49.20175174
270.2	-49.19239653
270.4	-49.18171841
270.6	-49.16944663
270.8	-49.15596509
271	-49.14100343
271.2	-49.12493491
271.4	-49.1074901
271.6	-49.08903243
271.8	-49.0692939
272	-49.04862859
272.2	-49.02677029
272.4	-49.00406443
272.6	-48.98024696
272.8	-48.95565499
273	-48.93002684
273.2	-48.9036918
273.4	-48.87639074
273.6	-48.84844537
273.8	-48.81959931
274	-48.79016713
274.2	-48.7598953
274.4	-48.72909144
274.6	-48.69750499
274.8	-48.66543683
275	-48.63263946
275.2	-48.59940743
275.4	-48.5654963
275.6	-48.5311944
275.8	-48.49626046
276	-48.46097676
276.2	-48.42510519
276.4	-48.38892221
276.6	-48.35219297
276.8	-48.3151883
277	-48.27767646
277.2	-48.23992286
277.4	-48.20169897
277.6	-48.16326483
277.8	-48.12439519
278	-48.08534486
278.2	-48.0458918
278.4	-48.00628581
278.6	-47.96630801
278.8	-47.92620329
279	-47.88575594
279.2	-47.84520606
279.4	-47.80434113
279.6	-47.76339653
279.8	-47.72216289
280	-47.68087106
280.2	-47.63931476
280.4	-47.59772034
280.6	-47.55588469
280.8	-47.51402976
281	-47.47195549
281.2	-47.42987961
281.4	-47.38760507
281.6	-47.34534544
281.8	-47.30290666
282	-47.26049819
282.2	-47.21792896
282.4	-47.17540449
282.6	-47.1327366
282.8	-47.09012691
283	-47.04739016
283.2	-47.00472413
283.4	-46.96194644
283.6	-46.91925114
283.8	-46.87645864
284	-46.83375933
284.2	-46.79097644
284.4	-46.74829679
284.6	-46.70554636
284.8	-46.66290843
285	-46.62021173
285.2	-46.5776361
285.4	-46.53501289
285.6	-46.49251853
285.8	-46.44998716
286	-46.40759189
286.2	-46.36516937
286.4	-46.32288954
286.6	-46.28059153
286.8	-46.23844214
287	-46.19628316
287.2	-46.15427816
287.4	-46.11227136
287.6	-46.07042347
287.8	-46.0285811
288	-45.98690181
288.2	-45.94523471
288.4	-45.90373454
288.6	-45.86225286
288.8	-45.82094141
289	-45.77965406
289.2	-45.73853966
289.4	-45.69745441
289.6	-45.65654451
289.8	-45.61566846
290	-45.57496974
290.2	-45.5343091
290.4	-45.49382759
290.6	-45.45338803
290.8	-45.41312859
291	-45.37291434
291.2	-45.33288094
291.4	-45.2928957
291.6	-45.25309139
291.8	-45.21333753
292	-45.17376493
292.2	-45.13424517
292.4	-45.09490654
292.6	-45.05562261
292.8	-45.01651919
293	-44.97747187
293.2	-44.93860403
293.4	-44.89979313
293.6	-44.8611606
293.8	-44.82258597
294	-44.78418836
294.2	-44.74584904
294.4	-44.70768474
294.6	-44.669579
294.8	-44.63164651
295	-44.59377221
295.2	-44.55606873
295.4	-44.51842334
295.6	-44.48094591
295.8	-44.4435257
296	-44.40627104
296.2	-44.36907256
296.4	-44.33203696
296.6	-44.29505606
296.8	-44.25823464
297	-44.22146704
297.2	-44.18485537
297.4	-44.14829496
297.6	-44.11188693
297.8	-44.07552906
298	-44.03931966
298.2	-44.00315731
298.4	-43.96713954
298.6	-43.93116739
298.8	-43.89533553
299	-43.85954566
299.2	-43.82389121
299.4	-43.78827633
299.6	-43.75279186
299.8	-43.71734414
300	-43.68202313
300.2	-43.64673564
300.4	-43.61156894
300.6	-43.5764313
300.8	-43.54140956
301	-43.50641331
301.2	-43.47152676
301.4	-43.43666153
301.6	-43.40190119
301.8	-43.36715744
302	-43.33251203
302.2	-43.29787939
302.4	-43.2633394
302.6	-43.22880653
302.8	-43.19435979
303	-43.15991619
303.2	-43.1255516
303.4	-43.09118397
303.6	-43.05688931
303.8	-43.02258644
304	-42.98834834
304.2	-42.95409584
304.4	-42.91990194
304.6	-42.88568673
304.8	-42.8515213
305	-42.81732887
305.2	-42.7831787
305.4	-42.74899311
305.6	-42.71484044
305.8	-42.68064373
306	-42.64646904
306.2	-42.61224343
306.4	-42.57803313
306.6	-42.54376323
306.8	-42.50949766
307	-42.47516506
307.2	-42.44082724
307.4	-42.40641107
307.6	-42.37197841
307.8	-42.33745923
308	-42.30291057
308.2	-42.26826274
308.4	-42.23357547
308.6	-42.19878196
308.8	-42.16393517
309	-42.12896589
309.2	-42.09392924
309.4	-42.05875623
309.6	-42.02349774
309.8	-41.98808711
310	-41.9525767
310.2	-41.91690249
310.4	-41.88111059
310.6	-41.8451343
310.8	-41.80902176
311	-41.7727094
311.2	-41.73623904
311.4	-41.69954667
311.6	-41.66267793
311.8	-41.62556294
312	-41.5882455
312.2	-41.55066091
312.4	-41.51284731
312.6	-41.47473524
312.8	-41.43636437
313	-41.39766674
313.2	-41.35867833
313.4	-41.31933081
313.6	-41.2796565
313.8	-41.2395849
314	-41.19914396
314.2	-41.15825941
314.4	-41.1169556
314.6	-41.07516413
314.8	-41.0329063
315	-40.990106
315.2	-40.94678077
315.4	-40.90284653
315.6	-40.85831913
315.8	-40.81311741
316	-40.76724713
316.2	-40.72061831
316.4	-40.67322627
316.6	-40.62497146
316.8	-40.5758372
317	-40.52571884
317.2	-40.47459651
317.4	-40.42235193
317.6	-40.36894049
317.8	-40.31422727
318	-40.25816274
318.2	-40.20059457
318.4	-40.1414348
318.6	-40.08049284
318.8	-40.01764961
319	-39.95268914
319.2	-39.88544746
319.4	-39.81563526
319.6	-39.743034
319.8	-39.66728954
320	-39.58806113
320.2	-39.50486624
320.4	-39.41721471
320.6	-39.32443391
320.8	-39.22577981
321	-39.12027183
321.2	-39.00674506
321.4	-38.8835638
321.6	-38.7487083
321.8	-38.59934984
322	-38.43169923
322.2	-38.24019354
322.4	-38.01654579
322.6	-37.74715253
322.8	-37.40839297
323	-36.95359297
323.2	-36.27266359
323.4	-35.00825127
323.6	-30.81173377
323.8	-7.011285917
324	8.264949677
324.2	13.99251838
324.4	16.3389134
324.6	17.12223296
324.8	17.18271169
325	16.82174631
325.2	16.07264781
325.4	14.96084083
325.6	13.4775149
325.8	11.57645396
326	9.227027079
326.2	6.449179129
326.4	3.318303884
326.6	-0.0561148004
326.8	-3.554742127
327	-7.07486247
327.2	-10.54596404
327.4	-13.93526337
327.6	-17.23214124
327.8	-20.42408794
328	-23.47197293
328.2	-26.31105363
328.4	-28.87883379
328.6	-31.15338461
328.8	-33.15534587
329	-34.92113514
329.2	-36.47670029
329.4	-37.8381141
329.6	-39.0175777
329.8	-40.0320229
330	-40.90110426
330.2	-41.64606223
330.4	-42.28611569
330.6	-42.83883519
330.8	-43.3183903
331	-43.73722489
331.2	-44.10489746
331.4	-44.4299049
331.6	-44.71854733
331.8	-44.97664974
332	-45.20835306
332.2	-45.41772204
332.4	-45.60748059
332.6	-45.78052996
332.8	-45.93865769
333	-46.08399021
333.2	-46.21769159
333.4	-46.34136536
333.6	-46.45575606
333.8	-46.56211044
334	-46.66088784
334.2	-46.75308779
334.4	-46.83897406
334.6	-46.91937239
334.8	-46.99441101
335	-47.0647915
335.2	-47.13054723
335.4	-47.1922893
335.6	-47.24998411
335.8	-47.30417569
336	-47.35478266
336.2	-47.40229819
336.4	-47.44660664
336.6	-47.48816181
336.8	-47.52682336
337	-47.56301391
337.2	-47.59657517
337.4	-47.62790469
337.6	-47.65683114
337.8	-47.68373131
338	-47.70842454
338.2	-47.73127016
338.4	-47.75208079
338.6	-47.77120069
338.8	-47.78843784
339	-47.80412347
339.2	-47.81806233
339.4	-47.830574
339.6	-47.84146127
339.8	-47.85103331
340	-47.85909177
340.2	-47.8659363
340.4	-47.8713681
340.6	-47.87567811
340.8	-47.8786677
341	-47.88061974
341.2	-47.88133613
341.4	-47.88109219
341.6	-47.87969074
341.8	-47.87740001
342	-47.87402411
342.2	-47.86982457
342.4	-47.86460681
342.6	-47.85862593
342.8	-47.85168904
343	-47.84404533
343.2	-47.83550366
343.4	-47.82630727
343.6	-47.81626693
343.8	-47.80562047
344	-47.79418066
344.2	-47.78217987
344.4	-47.76943297
344.6	-47.75616733
344.8	-47.74219987
345	-47.72775304
345.2	-47.71264597
345.4	-47.69709623
345.6	-47.6809252
345.8	-47.66434586
346	-47.64718179
346.2	-47.62964161
346.4	-47.61155127
346.6	-47.59311509
346.8	-47.57416129
347	-47.55488997
347.2	-47.5351317
347.4	-47.51508251
347.6	-47.49457537
347.8	-47.47380223
348	-47.45259831
348.2	-47.43115179
348.4	-47.40930029
348.6	-47.38722826
348.8	-47.36477559
349	-47.342123
349.2	-47.31911284
349.4	-47.29592229
349.6	-47.27239587
349.8	-47.24870734
350	-47.22470351
350.2	-47.2005548
350.4	-47.17611029
350.6	-47.1515371
350.8	-47.12668653
351	-47.10172254
351.2	-47.07649861
351.4	-47.0511756
351.6	-47.02560916
351.8	-46.99995706
352	-46.97407721
352.2	-46.9481244
352.4	-46.92195879
352.6	-46.89573204
352.8	-46.86930659
353	-46.84283116
353.2	-46.81617031
353.4	-46.78947007
353.6	-46.76259701
353.8	-46.73569443
354	-46.70863099
354.2	-46.68154739
354.4	-46.6543142
354.6	-46.62706956
354.8	-46.59968601
355	-46.57229917
355.2	-46.5447837
355.4	-46.51727247
355.6	-46.48964226
355.8	-46.46202344
356	-46.43429479
356.2	-46.40658419
356.4	-46.37877227
356.6	-46.35098473
356.8	-46.32310401
357	-46.29525356
357.2	-46.26731759
357.4	-46.23941723
357.6	-46.21143876
357.8	-46.18350086
358	-46.1554917
358.2	-46.12752783
358.4	-46.0994992
358.6	-46.07152014
358.8	-46.04348236
359	-46.01549821
359.2	-45.98746107
359.4	-45.95948144
359.6	-45.93145414
359.8	-45.90348764
360	-45.87547879
360.2	-45.84753374
360.4	-45.81955111
360.6	-45.79163503
360.8	-45.76368584
361	-45.73580594
361.2	-45.70789709
361.4	-45.68005987
361.6	-45.65219747
361.8	-45.62440889
362	-45.59659887
362.2	-45.56886464
362.4	-45.54111237
362.6	-45.51343734
362.8	-45.48574756
363	-45.45813633
363.2	-45.43051344
363.4	-45.4029705
363.6	-45.37541876
363.8	-45.347948
364	-45.32047077
364.2	-45.29307559
364.4	-45.26567606
364.6	-45.23835947
364.8	-45.2110406
365	-45.1838053
365.2	-45.15656971
365.4	-45.12941807
365.6	-45.10226806
365.8	-45.0752021
366	-45.04813964
366.2	-45.0211612
366.4	-44.99418791
366.6	-44.96729853
366.8	-44.9404157
367	-44.91361666
367.2	-44.88682529
367.4	-44.86011759
367.6	-44.83341839
367.8	-44.80680279
368	-44.78019633
368.2	-44.75367323
368.4	-44.72715964
368.6	-44.70072864
368.8	-44.67430787
369	-44.64796929
369.2	-44.62164159
369.4	-44.5953953
369.6	-44.56916049
369.8	-44.54300599
370	-44.51686287
370.2	-44.49079894
370.4	-44.46474721
370.6	-44.43877333
370.8	-44.41281147
371	-44.38692631
371.2	-44.36105379
371.4	-44.33525639
371.6	-44.30947126
371.8	-44.28376019
372	-44.25806157
372.2	-44.23243523
372.4	-44.20682083
372.6	-44.18127769
372.8	-44.15574623
373	-44.13028411
373.2	-44.10483297
373.4	-44.0794503
373.6	-44.05407787
373.8	-44.02877187
374	-44.00347519
374.2	-43.97824311
374.4	-43.95301956
374.6	-43.92785999
374.8	-43.90270771
375	-43.87761721
375.2	-43.85253287
375.4	-43.82750827
375.6	-43.80248873
375.8	-43.77752694
376	-43.75256936
376.2	-43.7276687
376.4	-43.70277051
376.6	-43.6779268
376.8	-43.65308406
377	-43.62829353
377.2	-43.6035025
377.4	-43.57876144
377.6	-43.55401843
377.8	-43.52932316
378	-43.50462434
378.2	-43.47997097
378.4	-43.45531246
378.6	-43.430697
378.8	-43.40607473
379	-43.38149304
379.2	-43.35690276
379.4	-43.33235051
379.6	-43.30778859
379.8	-43.28326323
380	-43.25872546
380.2	-43.23422107
380.4	-43.20970181
380.6	-43.18521299
380.8	-43.16070694
381	-43.1362284
381.2	-43.11173031
381.4	-43.08725676
381.6	-43.06276121
381.8	-43.03828717
382	-43.01378861
382.2	-42.98930841
382.4	-42.96480106
382.6	-42.94030884
382.8	-42.91578667
383	-42.8912763
383.2	-42.866733
383.4	-42.842198
383.6	-42.81762701
383.8	-42.79306067
384	-42.76845509
384.2	-42.74385036
384.4	-42.71920296
384.6	-42.69455244
384.8	-42.6698578
385	-42.6451569
385.2	-42.62040694
385.4	-42.59564569
385.6	-42.57083089
385.8	-42.54599996
386	-42.52111111
386.2	-42.49620129
386.4	-42.47123236
386.6	-42.44623744
386.8	-42.42117754
387	-42.39608563
387.2	-42.37092321
387.4	-42.34572296
387.6	-42.32045133
387.8	-42.29513474
388	-42.26974007
388.2	-42.24429414
388.4	-42.21876783
388.6	-42.1931817
388.8	-42.16750761
389	-42.1417677
389.2	-42.11593576
389.4	-42.09003171
389.6	-42.06402876
389.8	-42.03794304
390	-42.01174913
390.2	-41.98546746
390.4	-41.95906889
390.6	-41.93257749
390.8	-41.90595863
391	-41.87924004
391.2	-41.85238336
391.4	-41.82541777
391.6	-41.79830391
391.8	-41.77106957
392	-41.74367759
392.2	-41.71615207
392.4	-41.68846654
392.6	-41.6606311
392.8	-41.6326217
393	-41.60445324
393.2	-41.57609519
393.4	-41.54756363
393.6	-41.51882467
393.8	-41.48990201
394	-41.46075837
394.2	-41.43141106
394.4	-41.40183144
394.6	-41.37202626
394.8	-41.34196769
395	-41.31166716
395.2	-41.28108626
395.4	-41.25024266
395.6	-41.21909446
395.8	-41.18765654
396	-41.15589956
396.2	-41.12382113
396.4	-41.09138876
396.6	-41.05861349
396.8	-41.02545777
397	-40.99192153
397.2	-40.95796861
397.4	-40.92360127
397.6	-40.88877151
397.8	-40.85348507
398	-40.81769866
398.2	-40.78140441
398.4	-40.74455986
398.6	-40.70714434
398.8	-40.66910991
399	-40.63044524
399.2	-40.59109621
399.4	-40.55104187
399.6	-40.5102164
399.8	-40.4686039
400	-40.42613054
400.2	-40.38276349
400.4	-40.3384311
400.6	-40.29308939
400.8	-40.24664867
401	-40.19904534
401.2	-40.15016913
401.4	-40.09995117
401.6	-40.04826004
401.8	-39.99499889
402	-39.93999841
402.2	-39.8831278
402.4	-39.82419766
402.6	-39.76305283
402.8	-39.6994588
403	-39.63316767
403.2	-39.56385836
403.4	-39.49117094
403.6	-39.41468729
403.8	-39.33396539
404	-39.2483683
404.2	-39.15719407
404.4	-39.0595372
404.6	-38.95431861
404.8	-38.8401065
405	-38.71500034
405.2	-38.57650106
405.4	-38.42122196
405.6	-38.24423914
405.8	-38.03838266
406	-37.79218344
406.2	-37.48618324
406.4	-37.08373733
406.6	-36.50400756
406.8	-35.51657004
407	-33.01431077
407.2	-16.26491274
407.4	4.303185281
407.6	11.84844509
407.8	14.78254757
408	15.66911366
408.2	15.59801719
408.4	15.04516427
408.6	14.18575859
408.8	13.06580591
409	11.7246017
409.2	10.17050007
409.4	8.378129607
409.6	6.315631279
409.8	3.974722014
410	1.379004469
410.2	-1.420132579
410.4	-4.357493977
410.6	-7.368239379
410.8	-10.39832071
411	-13.40847361
411.2	-16.37192339
411.4	-19.2643924
411.6	-22.05192996
411.8	-24.68381511
412	-27.10217819
412.2	-29.26685981
412.4	-31.17486487
412.6	-32.85245633
412.8	-34.33411229
413	-35.64818764
413.2	-36.8139893
413.4	-37.84540466
413.6	-38.75461866
413.8	-39.55398126
414	-40.25613921
414.2	-40.87322561
414.4	-41.41669083
414.6	-41.89669106
414.8	-42.32226919
415	-42.70107444
415.2	-43.03978893
415.4	-43.34394236
415.6	-43.61835586
415.8	-43.86696294
416	-44.09322929
416.2	-44.299943
416.4	-44.48960523
416.6	-44.66419853
416.8	-44.82554431
417	-44.97505809
417.2	-45.11408354
417.4	-45.24363833
417.6	-45.36473007
417.8	-45.47809583
418	-45.58450451
418.2	-45.68449401
418.4	-45.7786625
418.6	-45.86740576
418.8	-45.95119894
419	-46.03033547
419.2	-46.10520109
419.4	-46.17601451
419.6	-46.24309514
419.8	-46.30660687
420	-46.36681971
420.2	-46.4238567
420.4	-46.47795023
420.6	-46.5291926
420.8	-46.57778719
421	-46.6238029
421.2	-46.6674205
421.4	-46.70869076
421.6	-46.74777641
421.8	-46.78471417
422	-46.81965211
422.2	-46.8526158
422.4	-46.88374136
422.6	-46.91304544
422.8	-46.94065421
423	-46.96657719
423.2	-46.99093204
423.4	-47.01372244
423.6	-47.03505883
423.8	-47.05494003
424	-47.07347031
424.2	-47.09064439
424.4	-47.10656094
424.6	-47.12121151
424.8	-47.13468994
425	-47.14698483
425.2	-47.15818551
425.4	-47.16827827
425.6	-47.17734866
425.8	-47.18538093
426	-47.192457
426.2	-47.19855936
426.4	-47.20376661
426.6	-47.20805973
426.8	-47.21151434
427	-47.2141102
427.2	-47.21592003
427.4	-47.21692257
427.6	-47.21718803
427.8	-47.2166942
428	-47.21550883
428.2	-47.21360889
428.4	-47.2110599
428.6	-47.20783839
428.8	-47.20400767
429	-47.19954346
429.2	-47.19450703
429.4	-47.18887377
429.6	-47.18270313
429.8	-47.1759701
430	-47.16873239
430.2	-47.16096457
430.4	-47.15272256
430.6	-47.14398079
430.8	-47.13479376
431	-47.12513573
431.2	-47.1150594
431.4	-47.10453884
431.6	-47.09362551
431.8	-47.08229344
432	-47.07059246
432.2	-47.05849656
432.4	-47.04605454
432.6	-47.0332403
432.8	-47.0201011
433	-47.00661114
433.2	-46.99281641
433.4	-46.9786908
433.6	-46.96427937
433.8	-46.94955617
434	-46.93456489
434.2	-46.91927991
434.4	-46.90374393
434.6	-46.88793123
434.8	-46.8718837
435	-46.85557577
435.2	-46.83904796
435.4	-46.82227501
435.6	-46.80529646
435.8	-46.78808721
436	-46.77068613
436.2	-46.75306804
436.4	-46.73527099
436.6	-46.71727004
436.8	-46.69910213
437	-46.68074279
437.2	-46.66222786
437.4	-46.6435332
437.6	-46.62469393
437.8	-46.60568594
438	-46.58654384
438.2	-46.56724344
438.4	-46.54781863
438.6	-46.52824557
438.8	-46.5085573
439	-46.48873036
439.2	-46.46879681
439.4	-46.44873373
439.6	-46.4285723
439.8	-46.40828983
440	-46.38791699
440.2	-46.3674312
440.4	-46.34686254
440.6	-46.3261884
440.8	-46.30543853
441	-46.28459051
441.2	-46.26367344
441.4	-46.24266513
441.6	-46.22159399
441.8	-46.20043833
442	-46.17922569
442.2	-46.15793486
442.4	-46.13659266
442.6	-46.11517821
442.8	-46.09371769
443	-46.07219054
443.2	-46.05062237
443.4	-46.02899281
443.6	-46.00732709
443.8	-45.98560476
444	-45.9638509
444.2	-45.94204519
444.4	-45.92021224
444.6	-45.89833194
444.8	-45.87642846
445	-45.85448184
445.2	-45.83251581
445.4	-45.81051076
445.6	-45.78848966
445.8	-45.76643343
446	-45.74436437
446.2	-45.72226386
446.4	-45.7001535
446.6	-45.67801521
446.8	-45.65586993
447	-45.63369991
447.2	-45.61152567
447.4	-45.58932964
447.6	-45.56713211
447.8	-45.54491574
448	-45.52270027
448.2	-45.50046837
448.4	-45.47823977
448.6	-45.45599699
448.8	-45.43375976
449	-45.41151057
449.2	-45.38926901
449.4	-45.3670176
449.6	-45.34477567
449.8	-45.32252596
450	-45.30028729
450.2	-45.27804293
450.4	-45.255811
450.6	-45.23357537
450.8	-45.21135336
451	-45.18912949
451.2	-45.16692037
451.4	-45.1447111
451.6	-45.12251766
451.8	-45.10032554
452	-45.07815036
452.2	-45.05597769
452.4	-45.03382314
452.6	-45.01167206
452.8	-44.98954024
453	-44.9674127
453.2	-44.94530544
453.4	-44.92320291
453.6	-44.90112146
453.8	-44.87904583
454	-44.8569919
454.2	-44.83494489
454.4	-44.81291984
454.6	-44.7909028
454.8	-44.76890781
455	-44.74692177
455.2	-44.72495789
455.4	-44.70300371
455.6	-44.68107181
455.8	-44.65915017
456	-44.63725109
456.2	-44.6153625
456.4	-44.59349687
456.6	-44.57164103
456.8	-44.54980883
457	-44.52798659
457.2	-44.50618834
457.4	-44.48440016
457.6	-44.46263604
457.8	-44.44088216
458	-44.41915206
458.2	-44.39743257
458.4	-44.37573543
458.6	-44.35404969
458.8	-44.33238589
459	-44.31073383
459.2	-44.28910336
459.4	-44.2674846
459.6	-44.245887
459.8	-44.22429997
460	-44.2027346
460.2	-44.18117916
460.4	-44.15964557
460.6	-44.13812067
460.8	-44.11661726
461	-44.09512263
461.2	-44.07364896
461.4	-44.05218413
461.6	-44.03073809
461.8	-44.0093015
462	-43.98788283
462.2	-43.96647367
462.4	-43.94508161
462.6	-43.92369867
462.8	-43.90233194
463	-43.88097241
463.2	-43.8596295
463.4	-43.83829263
463.6	-43.8169724
463.8	-43.7956562
464	-43.7743559
464.2	-43.7530594
464.4	-43.73177793
464.6	-43.71050004
464.8	-43.6892341
465	-43.6679723
465.2	-43.64672011
465.4	-43.62547163
465.6	-43.60423241
465.8	-43.58299597
466	-43.56176851
466.2	-43.54054044
466.4	-43.5193217
466.6	-43.49810103
466.8	-43.47688929
467	-43.45567351
467.2	-43.43446469
467.4	-43.41325187
467.6	-43.39204416
467.8	-43.37083264
468	-43.34962204
468.2	-43.32840759
468.4	-43.30719274
468.6	-43.28597326
468.8	-43.26475184
469	-43.24352227
469.2	-43.22229121
469.4	-43.20104954
469.6	-43.17980639
469.8	-43.1585488
470	-43.13728827
470.2	-43.11601267
470.4	-43.09473227
470.6	-43.07343631
470.8	-43.05213011
471	-43.03080887
471.2	-43.00947501
471.4	-42.98812557
471.6	-42.96676016
471.8	-42.94537601
472	-42.92397574
472.2	-42.90255394
472.4	-42.88111589
472.6	-42.85965001
472.8	-42.83816749
473	-42.81665521
473.2	-42.7951246
473.4	-42.7735626
473.6	-42.75197916
473.8	-42.73036317
474	-42.70872156
474.2	-42.68704677
474.4	-42.66533861
474.6	-42.64359647
474.8	-42.62181834
475	-42.60000416
475.2	-42.57815177
475.4	-42.55625963
475.6	-42.53432769
475.8	-42.51235109
476	-42.4903336
476.2	-42.46826566
476.4	-42.44615544
476.6	-42.42398957
476.8	-42.40177896
477	-42.3795083
477.2	-42.35718909
477.4	-42.33480643
477.6	-42.31237006
477.8	-42.28986859
478	-42.2673108
478.2	-42.24468369
478.4	-42.22199244
478.6	-42.19922907
478.8	-42.17639317
479	-42.15348257
479.2	-42.13049623
479.4	-42.10743136
479.6	-42.08428174
479.8	-42.06104853
480	-42.0377266
480.2	-42.01431666
480.4	-41.99081244
480.6	-41.96721457
480.8	-41.94351233
481	-41.91970824
481.2	-41.89579456
481.4	-41.87177323
481.6	-41.8476355
481.8	-41.8233831
482	-41.79901049
482.2	-41.77451731
482.4	-41.74989306
482.6	-41.72513799
482.8	-41.70024127
483	-41.67520344
483.2	-41.6500192
483.4	-41.62468334
483.6	-41.5991876
483.8	-41.57352721
484	-41.54770187
484.2	-41.52169831
484.4	-41.49552126
484.6	-41.46915139
484.8	-41.44259566
485	-41.41583263
485.2	-41.38886756
485.4	-41.36168124
485.6	-41.33427271
485.8	-41.30662963
486	-41.2787454
486.2	-41.25061644
486.4	-41.22222247
486.6	-41.19355836
486.8	-41.16461774
487	-41.13538166
487.2	-41.1058501
487.4	-41.07599936
487.6	-41.04582113
487.8	-41.01530247
488	-40.98443117
488.2	-40.95318769
488.4	-40.9215607
488.6	-40.88952676
488.8	-40.8570684
489	-40.8241634
489.2	-40.79078983
489.4	-40.75692467
489.6	-40.72255274
489.8	-40.68765326
490	-40.65219151
490.2	-40.616141
490.4	-40.57947114
490.6	-40.5421402
490.8	-40.50411764
491	-40.46535943
491.2	-40.42582526
491.4	-40.38546387
491.6	-40.34423106
491.8	-40.30207229
492	-40.25892313
492.2	-40.21472141
492.4	-40.16940009
492.6	-40.12287506
492.8	-40.07505587
493	-40.02583313
493.2	-39.97509727
493.4	-39.92273946
493.6	-39.86861201
493.8	-39.81254573
494	-39.7543682
494.2	-39.69388244
494.4	-39.63086407
494.6	-39.56504707
494.8	-39.49610607
495	-39.42368773
495.2	-39.34735856
495.4	-39.26656884
495.6	-39.18068381
495.8	-39.08892707
496	-38.99031973
496.2	-38.8836811
496.4	-38.76744331
496.6	-38.63949017
496.8	-38.49706236
497	-38.33627619
497.2	-38.15148314
497.4	-37.9342296
497.6	-37.67074766
497.8	-37.33691814
498	-36.88487843
498.2	-36.20049199
498.4	-34.90786743
498.6	-30.4518843
498.8	-6.564373984
499	7.87517358
499.2	13.14066917
499.4	15.10310801
499.6	15.49440233
499.8	15.13143689
500	14.36240719
500.2	13.3084598
500.4	12.01683532
500.6	10.52718083
500.8	8.850885304
501	6.974198524
501.2	4.877724259
501.4	2.559257739
501.6	0.0391481999
501.8	-2.641709457
502	-5.43215734
502.2	-8.280056963
502.4	-11.14220843
502.6	-13.98672827
502.8	-16.79096253
503	-19.53134789
503.2	-22.17533323
503.4	-24.67608943
503.6	-26.9820662
503.8	-29.05686229
504	-30.89736211
504.2	-32.5261281
504.4	-33.97409899
504.6	-35.26590024
504.8	-36.41888097
505	-37.44442697
505.2	-38.35275589
505.4	-39.15385494
505.6	-39.8589445
505.8	-40.47888143
506	-41.02469596
506.2	-41.50608661
506.4	-41.93220653
506.6	-42.31054693
506.8	-42.64806263
507	-42.95021374
507.2	-43.22212639
507.4	-43.46767344
507.6	-43.6906055
507.8	-43.89362801
508	-44.07950346
508.2	-44.25011331
508.4	-44.40751609
508.6	-44.55300999
508.8	-44.68815501
509	-44.81383887
509.2	-44.93126809
509.4	-45.04103967
509.6	-45.14410779
509.8	-45.24086373
510	-45.33207991
510.2	-45.41800129
510.4	-45.49926813
510.6	-45.57601991
510.8	-45.64880006
511	-45.71767231
511.2	-45.7831079
511.4	-45.84511569
511.6	-45.90411249
511.8	-45.96006707
512	-46.01335456
512.2	-46.06391443
512.4	-46.11208943
512.6	-46.15779756
512.8	-46.20135594
513	-46.24266674
513.2	-46.28202649
513.4	-46.31932571
513.6	-46.35484399
513.8	-46.38846327
514	-46.42044907
514.2	-46.45067701
514.4	-46.47940076
514.6	-46.50649139
514.8	-46.5321922
515	-46.5563711
515.2	-46.57926224
515.4	-46.60073153
515.6	-46.62100477
515.8	-46.63994659
516	-46.65777566
516.2	-46.67435547
516.4	-46.68989816
516.6	-46.70426717
516.8	-46.7176684
517	-46.72996507
517.2	-46.74135734
517.4	-46.75170913
517.6	-46.76121533
517.8	-46.7697403
518	-46.77747386
518.2	-46.78428117
518.4	-46.7903473
518.6	-46.79553829
518.8	-46.80003473
519	-46.80370374
519.2	-46.8067216
519.4	-46.80895669
519.6	-46.81058119
519.8	-46.81146469
520	-46.81177543
520.2	-46.81138433
520.4	-46.81045586
520.6	-46.80886231
520.8	-46.80676456
521	-46.80403636
521.2	-46.80083506
521.4	-46.79703589
521.6	-46.79279284
521.8	-46.7879829
522	-46.78275657
522.2	-46.776992
522.4	-46.7708366
522.6	-46.76417019
522.8	-46.75713719
523	-46.74961931
523.2	-46.74175789
523.4	-46.73343573
523.6	-46.7247913
523.8	-46.71570917
524	-46.70632531
524.2	-46.69652567
524.4	-46.68644317
524.6	-46.67596547
524.8	-46.66522319
525	-46.65410547
525.2	-46.6427399
525.4	-46.63101737
525.6	-46.61906339
525.8	-46.60677021
526	-46.59426046
526.2	-46.58142836
526.4	-46.56839421
526.6	-46.55505347
526.8	-46.5415243
527	-46.527704
527.2	-46.51370804
527.4	-46.4994351
527.6	-46.48499899
527.8	-46.47029961
528	-46.45544819
528.2	-46.4403467
528.4	-46.42510414
528.6	-46.40962357
528.8	-46.39401251
529	-46.37817551
529.2	-46.36221751
529.4	-46.34604493
529.6	-46.32976054
529.8	-46.31327199
530	-46.29668061
530.2	-46.27989516
530.4	-46.2630151
530.6	-46.24595094
530.8	-46.22879979
531	-46.21147386
531.2	-46.19406857
531.4	-46.17649691
531.6	-46.15885307
531.8	-46.14105137
532	-46.1231839
532.2	-46.10516683
532.4	-46.08709011
532.6	-46.06887141
532.8	-46.05059924
533	-46.03219203
533.2	-46.01373711
533.4	-45.99515396
533.6	-45.97652831
533.8	-45.95778139
534	-45.93899669
534.2	-45.92009713
534.4	-45.90116459
534.6	-45.88212299
534.8	-45.8630531
535	-45.84387947
535.2	-45.82468199
535.4	-45.80538639
535.6	-45.78607071
535.8	-45.76666227
536	-45.74723711
536.2	-45.72772427
536.4	-45.70819837
536.6	-45.68858933
536.8	-45.6689708
537	-45.64927333
537.2	-45.62956971
537.4	-45.60979126
537.6	-45.59000956
537.8	-45.57015731
538	-45.55030396
538.2	-45.53038423
538.4	-45.51046597
538.6	-45.49048497
538.8	-45.47050814
539	-45.45047171
539.2	-45.430442
539.4	-45.41035569
539.6	-45.3902784
539.8	-45.37014776
540	-45.35002774
540.2	-45.32985773
540.4	-45.30969976
540.6	-45.2894949
540.8	-45.26930367
541	-45.24906813
541.2	-45.22884806
541.4	-45.20858573
541.6	-45.1883408
541.8	-45.16805566
542	-45.14778936
542.2	-45.12748526
542.4	-45.10720089
542.6	-45.08688133
542.8	-45.06658177
543	-45.04624937
543.2	-45.02593827
543.4	-45.0055959
543.6	-44.98527634
543.8	-44.96492674
544	-44.94460117
544.2	-44.92424717
544.4	-44.90391786
544.6	-44.88356209
544.8	-44.86323096
545	-44.84287546
545.2	-44.82254473
545.4	-44.8021912
545.6	-44.78186311
545.8	-44.76151304
546	-44.74118949
546.2	-44.72084444
546.4	-44.70052673
546.6	-44.68018851
546.8	-44.65987779
547	-44.63954809
547.2	-44.61924523
547.4	-44.59892516
547.6	-44.57863154
547.8	-44.55832177
548	-44.53803879
548.2	-44.51773986
548.4	-44.4974685
548.6	-44.47718109
548.8	-44.4569218
549	-44.43664693
549.2	-44.41639991
549.4	-44.39613859
549.6	-44.37590323
549.8	-44.35565504
550	-44.3354327
550.2	-44.31519789
550.4	-44.29498943
550.6	-44.27476789
550.8	-44.25457334
551	-44.23436539
551.2	-44.2141844
551.4	-44.19399053
551.6	-44.17382244
551.8	-44.1536428
552	-44.13348724
552.2	-44.1133211
552.4	-44.0931782
552.6	-44.07302361
552.8	-44.05289323
553	-44.03275019
553.2	-44.01263173
553.4	-43.99250049
553.6	-43.97239294
553.8	-43.95227354
554	-43.9321757
554.2	-43.91206716
554.4	-43.89197864
554.6	-43.87187959
554.8	-43.85180017
555	-43.83170766
555.2	-43.81163583
555.4	-43.79154999
555.6	-43.77148456
555.8	-43.75140537
556	-43.73134469
556.2	-43.71127144
556.4	-43.69121406
556.6	-43.67114486
556.8	-43.65108993
557	-43.63102103
557.2	-43.61096759
557.4	-43.59089814
557.6	-43.5708445
557.8	-43.5507741
558	-43.5307181
558.2	-43.51064599
558.4	-43.4905851
558.6	-43.47050937
558.8	-43.45044231
559	-43.43036019
559.2	-43.4102861
559.4	-43.39019271
559.6	-43.37010873
559.8	-43.35000369
560	-43.3299075
560.2	-43.30979011
560.4	-43.28967879
560.6	-43.26954749
560.8	-43.24941834
561	-43.22926996
561.2	-43.20912169
561.4	-43.18895253
561.6	-43.16878381
561.8	-43.14859024
562	-43.12839797
562.2	-43.1081779
562.4	-43.08795819
562.6	-43.06771014
562.8	-43.04745617
563	-43.02717601
563.2	-43.00688677
563.4	-42.98657106
563.6	-42.96624547
563.8	-42.9458899
564	-42.92552556
564.2	-42.90512633
564.4	-42.88471856
564.6	-42.86427361
564.8	-42.8438173
565	-42.82332444
565.2	-42.80281737
565.4	-42.78227423
565.6	-42.76171016
565.8	-42.74111009
566	-42.72048573
566.2	-42.69982211
566.4	-42.67913449
566.6	-42.65840107
566.8	-42.63764464
567	-42.61683767
567.2	-42.59600584
567.4	-42.5751229
567.6	-42.5542124
567.8	-42.53325026
568	-42.51225207
568.2	-42.49120311
568.4	-42.4701144
568.6	-42.44897389
568.8	-42.42778861
569	-42.40654643
569.2	-42.385259
569.4	-42.36391029
569.6	-42.34251581
569.8	-42.3210542
570	-42.29954559
570.2	-42.27796169
570.4	-42.25632677
570.6	-42.23461459
570.8	-42.21284693
571	-42.19100034
571.2	-42.16909173
571.4	-42.14710281
571.6	-42.12504414
571.8	-42.10290327
572	-42.08068543
572.2	-42.05838201
572.4	-42.03599539
572.6	-42.01351804
572.8	-41.9909546
573	-41.96829694
573.2	-41.94554591
573.4	-41.92269209
573.6	-41.89974069
573.8	-41.87668191
574	-41.85351859
574.2	-41.83023629
574.4	-41.80684446
574.6	-41.78332811
574.8	-41.75969553
575	-41.7359314
575.2	-41.71204297
575.4	-41.68801477
575.6	-41.66385323
575.8	-41.6395427
576	-41.61508881
576.2	-41.59047603
576.4	-41.56571039
576.6	-41.54078176
576.8	-41.51568629
577	-41.49041394
577.2	-41.46496367
577.4	-41.43932783
577.6	-41.41349669
577.8	-41.38746347
578	-41.3612235
578.2	-41.33476767
578.4	-41.30809263
578.6	-41.28118436
578.8	-41.25405273
579	-41.22666491
579.2	-41.19903294
579.4	-41.1711219
579.6	-41.1429422
579.8	-41.11447314
580	-41.08571027
580.2	-41.0566397
580.4	-41.0272515
580.6	-40.99752354
580.8	-40.96745681
581	-40.93701471
581.2	-40.90619844
581.4	-40.87497813
581.6	-40.84334626
581.8	-40.81128087
582	-40.77877557
582.2	-40.74579354
582.4	-40.7123229
582.6	-40.67833163
582.8	-40.64379983
583	-40.60868316
583.2	-40.57296174
583.4	-40.53659284
583.6	-40.49955741
583.8	-40.46180969
584	-40.42331986
584.2	-40.38403457
584.4	-40.34391279
584.6	-40.30289284
584.8	-40.26093541
585	-40.2179584
585.2	-40.17390891
585.4	-40.12870669
585.6	-40.08227641
585.8	-40.03451334
586	-39.9853195
586.2	-39.93458273
586.4	-39.88217429
586.6	-39.82795176
586.8	-39.77176303
587	-39.71341336
587.2	-39.65268581
587.4	-39.58930431
587.6	-39.52301097
587.8	-39.45346039
588	-39.38025763
588.2	-39.30292379
588.4	-39.22092513
588.6	-39.13356453
588.8	-39.04002703
589	-38.93924307
589.2	-38.82991436
589.4	-38.71029237
589.6	-38.57811299
589.8	-38.43023463
590	-38.2622464
590.2	-38.06767391
590.4	-37.83656314
590.6	-37.55219547
590.8	-37.18423467
591	-36.66914477
591.2	-35.84067294
591.4	-34.04027576
591.6	-24.41516777
591.8	0.3180972846
592	10.29323562
592.2	14.06428798
592.4	15.31976887
592.6	15.3715197
592.8	14.82186273
593	13.92257574
593.2	12.7541866
593.4	11.36183545
593.6	9.779327917
593.8	8.011684494
594	6.046363167
594.2	3.871074999
594.4	1.492194159
594.6	-1.06457863
594.8	-3.75692503
595	-6.536521236
595.2	-9.356568533
595.4	-12.17986393
595.6	-14.97818376
595.8	-17.7293211
596	-20.40668643
596.2	-22.97372121
596.4	-25.38158109
596.6	-27.58444607
596.8	-29.55710593
597	-31.30632919
597.2	-32.85779399
597.4	-34.24111239
597.6	-35.47833456
597.8	-36.5849318
598	-37.5706521
598.2	-38.44532003
598.4	-39.21825311
598.6	-39.9002375
598.8	-40.5013271
599	-41.03202854
599.2	-41.50126886
599.4	-41.91772841
599.6	-42.28831696
599.8	-42.61968279
600	-42.91685504
600.2	-43.18479571
600.4	-43.42706594
600.6	-43.64735511
600.8	-43.84814924
601	-44.03220864
601.2	-44.20124143
601.4	-44.35734217
601.6	-44.50166879
601.8	-44.63583929
602	-44.76062001
602.2	-44.87728893
602.4	-44.9863353
602.6	-45.08879069
602.8	-45.184947
603	-45.27565801
603.2	-45.36107417
603.4	-45.44191877
603.6	-45.51824133
603.8	-45.59066821
604	-45.65917561
604.2	-45.72431727
604.4	-45.78601684
604.6	-45.84477274
604.8	-45.90047061
605	-45.95356621
605.2	-46.00391743
605.4	-46.05194644
605.6	-46.0974911
605.8	-46.14094664
606	-46.18213663
606.2	-46.22143429
606.4	-46.25865291
606.6	-46.29414759
606.8	-46.32772437
607	-46.35972304
607.2	-46.38994459
607.4	-46.41871557
607.6	-46.44583376
607.8	-46.47161409
608	-46.49585244
608.2	-46.51885334
608.4	-46.54041197
608.6	-46.56082329
608.8	-46.57988234
609	-46.59787593
609.2	-46.61459919
609.4	-46.630331
609.6	-46.64486773
609.8	-46.65848103
610	-46.67096816
610.2	-46.68259376
610.4	-46.69315693
610.6	-46.7029161
610.8	-46.71167194
611	-46.7196767
611.2	-46.7267329
611.4	-46.73308701
611.6	-46.73854356
611.8	-46.74334346
612	-46.74729337
612.2	-46.75062889
612.4	-46.75315901
612.6	-46.75511416
612.8	-46.75630561
613	-46.75695893
613.2	-46.75688769
613.4	-46.75631267
613.6	-46.7550499
613.8	-46.7533156
614	-46.75092817
614.2	-46.74809937
614.4	-46.74465007
614.6	-46.74078769
614.8	-46.73633571
615	-46.7314974
615.2	-46.72609834
615.4	-46.72033764
615.6	-46.71404353
615.8	-46.70741119
616	-46.7002715
616.2	-46.69281603
616.4	-46.68487779
616.6	-46.67664421
616.8	-46.66795089
617	-46.65898196
617.2	-46.6495755
617.4	-46.63991177
617.6	-46.62983114
617.8	-46.61951069
618	-46.60879347
618.2	-46.59785279
618.4	-46.58653376
618.6	-46.57500687
618.8	-46.5631198
619	-46.5510393
619.2	-46.5386152
619.4	-46.52601151
619.6	-46.51308047
619.8	-46.49998266
620	-46.48657286
620.2	-46.47300897
620.4	-46.45914767
620.6	-46.44514371
620.8	-46.43085651
621	-46.41643769
621.2	-46.40174841
621.4	-46.3869381
621.6	-46.37187004
621.8	-46.35669043
622	-46.34126541
622.2	-46.3257384
622.4	-46.30997716
622.6	-46.29412289
622.8	-46.27804527
623	-46.26188261
623.2	-46.24550729
623.4	-46.22905477
623.6	-46.21239921
623.8	-46.19567417
624	-46.17875553
624.2	-46.16177441
624.4	-46.14460899
624.6	-46.12738737
624.8	-46.1099901
625	-46.09254319
625.2	-46.07492854
625.4	-46.05727036
625.6	-46.03945226
625.8	-46.02159611
626	-46.00358784
626.2	-45.98554644
626.4	-45.96736007
626.6	-45.94914574
626.8	-45.9307929
627	-45.91241716
627.2	-45.89390939
627.4	-45.87538289
627.6	-45.8567309
627.8	-45.83806421
628	-45.81927819
628.2	-45.8004812
628.4	-45.78157019
628.6	-45.76265229
628.8	-45.74362547
629	-45.72459534
629.2	-45.70546151
629.4	-45.68632747
629.6	-45.66709494
629.8	-45.64786481
630	-45.62854101
630.2	-45.60922266
630.4	-45.58981469
630.6	-45.5704152
630.8	-45.55093019
631	-45.53145634
631.2	-45.51190113
631.4	-45.49235919
631.6	-45.47274006
631.8	-45.45313577
632	-45.4334582
632.2	-45.41379773
632.4	-45.39406729
632.6	-45.37435616
632.8	-45.35457797
633	-45.33482123
633.2	-45.31500047
633.4	-45.29520234
633.6	-45.27534374
633.8	-45.25550891
634	-45.23561686
634.2	-45.21574986
634.4	-45.19582829
634.6	-45.17593336
634.8	-45.15598593
635	-45.13606676
635.2	-45.11609707
635.4	-45.09615656
635.6	-45.07616836
635.8	-45.05620983
636	-45.03620639
636.2	-45.01623306
636.4	-44.9962171
636.6	-44.97623221
636.8	-44.95620624
637	-44.93621257
637.2	-44.91617874
637.4	-44.8961781
637.6	-44.87613943
637.8	-44.85613407
638	-44.83609301
638.2	-44.81608506
638.4	-44.79604344
638.6	-44.77603514
638.8	-44.7559945
639	-44.73598799
639.2	-44.71594926
639.4	-44.69594556
639.6	-44.675911
639.8	-44.65591153
640	-44.63588301
640.2	-44.61588886
640.4	-44.59586753
640.6	-44.57588004
640.8	-44.55586667
641	-44.53588737
641.2	-44.51588179
641.4	-44.49591124
641.6	-44.475915
641.8	-44.45595394
642	-44.43596833
642.2	-44.4160171
642.4	-44.39604299
642.6	-44.376102
642.8	-44.35613949
643	-44.33620946
643.2	-44.31625756
643.4	-44.29633907
643.6	-44.27639841
643.8	-44.25649153
644	-44.23656289
644.2	-44.21666739
644.4	-44.19675137
644.6	-44.17686599
644.8	-44.1569616
645	-44.13708736
645.2	-44.11719433
645.4	-44.09733183
645.6	-44.07744953
645.8	-44.0575983
646	-44.03772629
646.2	-44.01788439
646.4	-43.99802314
646.6	-43.97819009
646.8	-43.95833919
647	-43.93851447
647.2	-43.91867167
647.4	-43.89885573
647.6	-43.87902037
647.8	-43.85921251
648	-43.83938439
648.2	-43.81958327
648.4	-43.79976226
648.6	-43.77996489
648.8	-43.76014937
649	-43.7403559
649.2	-43.72054464
649.4	-43.70075506
649.6	-43.68094481
649.8	-43.6611573
650	-43.6413481
650.2	-43.62156126
650.4	-43.60175301
650.6	-43.58196477
650.8	-43.56215649
651	-43.54236419
651.2	-43.5225522
651.4	-43.50275604
651.6	-43.48293864
651.8	-43.46313783
652	-43.44331324
652.2	-43.42350549
652.4	-43.40367257
652.6	-43.38385317
652.8	-43.36401054
653	-43.3441782
653.2	-43.32432364
653.4	-43.3044777
653.6	-43.28460836
653.8	-43.26474786
654	-43.24485881
654.2	-43.22497949
654.4	-43.20507069
654.6	-43.18516989
654.8	-43.16524069
655	-43.14531523
655.2	-43.12536283
655.4	-43.10540987
655.6	-43.08542824
655.8	-43.06544697
656	-43.04543331
656.2	-43.02542123
656.4	-43.00537374
656.6	-42.98532687
656.8	-42.96524417
657	-42.94515803
657.2	-42.92503759
657.4	-42.90490841
657.6	-42.88474566
657.8	-42.86457151
658	-42.84436143
658.2	-42.82414026
658.4	-42.80387771
658.6	-42.7836051
658.8	-42.76328709
659	-42.74295756
659.2	-42.72258179
659.4	-42.70218939
659.6	-42.68175239
659.8	-42.66129221
660	-42.64078804
660.2	-42.62025743
660.4	-42.59967951
660.6	-42.57907549
660.8	-42.5584173
661	-42.53773404
661.2	-42.51699144
661.4	-42.49622179
661.6	-42.4753922
661.8	-42.4545325
662	-42.43361239
662.2	-42.41265293
662.4	-42.39163391
662.6	-42.37057153
662.8	-42.34944846
663	-42.32827649
663.2	-42.30703827
663.4	-42.28575057
663.6	-42.26439187
663.8	-42.24298304
664	-42.22149293
664.2	-42.1999512
664.4	-42.17832491
664.6	-42.15664351
664.8	-42.13487451
665	-42.11304493
665.2	-42.09112529
665.4	-42.06913766
665.6	-42.04705829
665.8	-42.02490207
666	-42.00265193
666.2	-41.980317
666.4	-41.9578842
666.6	-41.93536336
666.8	-41.9127408
667	-41.89002111
667.2	-41.86719246
667.4	-41.84426207
667.6	-41.82121783
667.8	-41.7980628
668	-41.77478354
668.2	-41.75138813
668.4	-41.72786264
668.6	-41.70421377
668.8	-41.68042729
669	-41.65650873
669.2	-41.63244397
669.4	-41.60823743
669.6	-41.58387504
669.8	-41.55936016
670	-41.53467891
670.2	-41.50983676
670.4	-41.48482174
670.6	-41.45963053
670.8	-41.43425209
671	-41.40868763
671.2	-41.38292423
671.4	-41.3569641
671.6	-41.33078794
671.8	-41.30440427
672	-41.27778461
672.2	-41.25094356
672.4	-41.22384593
672.6	-41.19650903
672.8	-41.16889499
673	-41.14101901
673.2	-41.11285711
673.4	-41.08440503
673.6	-41.05564279
673.8	-41.02656556
674	-40.99715391
674.2	-40.96740789
674.4	-40.93729241
674.6	-40.90681494
674.8	-40.87594854
675	-40.84468043
675.2	-40.81298481
675.4	-40.78085721
675.6	-40.74826024
675.8	-40.71518967
676	-40.68161021
676.2	-40.64750224
676.4	-40.61282514
676.6	-40.5775635
676.8	-40.54166859
677	-40.50512443
677.2	-40.46788691
677.4	-40.42993207
677.6	-40.3912056
677.8	-40.35167207
678	-40.31126564
678.2	-40.26993587
678.4	-40.22762219
678.6	-40.18426197
678.8	-40.13977151
679	-40.09408731
679.2	-40.04710993
679.4	-39.99876786
679.6	-39.94893696
679.8	-39.89748993
680	-39.84429043
680.2	-39.78920414
680.4	-39.7320455
680.6	-39.6726158
680.8	-39.6106742
681	-39.54596929
681.2	-39.47817933
681.4	-39.40692599
681.6	-39.33177783
681.8	-39.25223117
682	-39.16767599
682.2	-39.07735801
682.4	-38.98033436
682.6	-38.87544357
682.8	-38.76116163
683	-38.63546603
683.2	-38.4957044
683.4	-38.33816243
683.6	-38.1574413
683.8	-37.94565591
684	-37.68984614
684.2	-37.36745999
684.4	-36.934848
684.6	-36.29077537
684.8	-35.11892751
685	-31.53410559
685.2	-9.572354396
685.4	6.757595113
685.6	12.67284782
685.8	14.91634181
686	15.43395631
686.2	15.12438837
686.4	14.37281903
686.6	13.32282525
686.8	12.02611493
687	10.52456224
687.2	8.83784898
687.4	6.961079879
687.6	4.880625967
687.8	2.593817444
688	0.1173187125
688.2	-2.513924583
688.4	-5.25422717
688.6	-8.055774276
688.8	-10.87738588
689	-13.68736763
689.2	-16.46186193
689.4	-19.17682309
689.6	-21.80021796
689.8	-24.28770443
690	-26.58929094
690.2	-28.66835886
690.4	-30.51859276
690.6	-32.15854734
690.8	-33.61852067
691	-34.92431864
691.2	-36.09382373
691.4	-37.1386662
691.6	-38.06819983
691.8	-38.891374
692	-39.61824247
692.2	-40.25901957
692.4	-40.8241369
692.6	-41.32316167
692.8	-41.76506094
693	-42.15746193
693.2	-42.50730884
693.4	-42.82030321
693.6	-43.10160571
693.8	-43.35534284
694	-43.58529509
694.2	-43.794417
694.4	-43.98548073
694.6	-44.16058553
694.8	-44.3217796
695	-44.47055491
695.2	-44.6084423
695.4	-44.7365005
695.6	-44.85589137
695.8	-44.96736569
696	-45.07182067
696.2	-45.16978743
696.4	-45.26197191
696.6	-45.34874691
696.8	-45.43067979
697	-45.50802956
697.2	-45.58126169
697.4	-45.65055191
697.6	-45.71629053
697.8	-45.77859233
698	-45.83779101
698.2	-45.89395674
698.4	-45.94738051
698.6	-45.99809913
698.8	-46.04637071
699	-46.0922073
699.2	-46.13584147
699.4	-46.17726651
699.6	-46.2166948
699.8	-46.25410549
700	-46.28969464
700.2	-46.32343064
700.4	-46.35549634
700.6	-46.3858518
700.8	-46.414669
701	-46.44190161
701.2	-46.46771237
701.4	-46.49205004
701.6	-46.51506934
701.8	-46.53671546
702	-46.55713599
702.2	-46.5762733
702.4	-46.5942691
702.6	-46.61106316
702.8	-46.62679183
703	-46.6413935
703.2	-46.65499959
703.4	-46.66754686
703.6	-46.67916213
703.8	-46.68978164
704	-46.69952824
704.2	-46.70833733
704.4	-46.71632786
704.6	-46.72343477
704.8	-46.7297735
705	-46.73527867
705.2	-46.74006246
705.4	-46.74405931
705.6	-46.7473783
705.8	-46.749954
706	-46.75189247
706.2	-46.75312834
706.4	-46.75376497
706.6	-46.75373724
706.8	-46.75314579
707	-46.75192577
707.2	-46.75017539
707.4	-46.74783017
707.6	-46.74498581
707.8	-46.74157826
708	-46.73770087
708.2	-46.73329023
708.4	-46.72843759
708.6	-46.72307967
708.8	-46.71730547
709	-46.7110524
709.2	-46.70440741
709.4	-46.69730873
709.6	-46.68984151
709.8	-46.68194424
710	-46.6736999
710.2	-46.66504766
710.4	-46.6560689
710.6	-46.64670367
710.8	-46.63703123
711	-46.62699197
711.2	-46.61666371
711.4	-46.60598794
711.6	-46.5950405
711.8	-46.58376319
712	-46.5722305
712.2	-46.56038531
712.4	-46.5483002
712.6	-46.5359183
712.8	-46.52331116
713	-46.51042279
713.2	-46.49732283
713.4	-46.48395619
713.6	-46.4703914
713.8	-46.45657369
714	-46.44256994
714.2	-46.42832669
714.4	-46.41390917
714.6	-46.39926424
714.8	-46.38445643
715	-46.36943319
715.2	-46.35425733
715.4	-46.3388776
715.6	-46.32335546
715.8	-46.3076398
716	-46.29179141
716.2	-46.27575987
716.4	-46.25960426
716.6	-46.24327537
716.8	-46.22683099
717	-46.21022237
717.2	-46.19350667
717.4	-46.1766355
717.6	-46.15966486
717.8	-46.14254734
718	-46.1253373
718.2	-46.1079884
718.4	-46.09055413
718.6	-46.07298831
718.8	-46.0553439
719	-46.03757519
719.2	-46.0197338
719.4	-46.00177531
719.6	-45.98374991
719.8	-45.96561396
720	-45.94741677
720.2	-45.92911489
720.4	-45.91075743
720.6	-45.89230116
720.8	-45.87379406
721	-45.85519411
721.2	-45.83654777
721.4	-45.81781414
721.6	-45.79903861
721.8	-45.78018046
722	-45.7612851
722.2	-45.74231187
722.4	-45.72330543
722.6	-45.70422579
722.8	-45.6851163
723	-45.66593836
723.2	-45.64673399
723.4	-45.62746541
723.6	-45.60817391
723.8	-45.58882171
724	-45.5694501
724.2	-45.5500214
724.4	-45.53057641
724.6	-45.51107803
724.8	-45.49156564
725	-45.47200366
725.2	-45.45243016
725.4	-45.43281044
725.6	-45.41318183
725.8	-45.39350946
726	-45.37383097
726.2	-45.35411143
726.4	-45.3343882
726.6	-45.31462679
726.8	-45.2948634
727	-45.2750648
727.2	-45.25526573
727.4	-45.23543421
727.6	-45.21560381
727.8	-45.1957429
728	-45.17588536
728.2	-45.15599901
728.4	-45.13611804
728.6	-45.11621024
728.8	-45.09630909
729	-45.07638344
729.2	-45.05646489
729.4	-45.03652417
729.6	-45.01659174
729.8	-44.99663887
730	-44.97669589
730.2	-44.95673341
730.4	-44.93678241
730.6	-44.91681306
730.8	-44.8968563
731	-44.87688276
731.2	-44.85692169
731.4	-44.83694599
731.6	-44.81698321
731.8	-44.79700729
732	-44.77704519
732.2	-44.7570706
732.4	-44.73711119
732.6	-44.71713959
732.8	-44.69718416
733	-44.6772173
733.2	-44.65726641
733.4	-44.63730589
733.6	-44.61736107
733.8	-44.59740809
734	-44.577471
734.2	-44.55752636
734.4	-44.53759853
734.6	-44.51766224
734.8	-44.49774386
735	-44.47781767
735.2	-44.4579094
735.4	-44.43799459
735.6	-44.41809687
735.8	-44.39819396
736	-44.37830724
736.2	-44.35841556
736.4	-44.33854104
736.6	-44.31866096
736.8	-44.29879901
737	-44.27893123
737.2	-44.25908169
737.4	-44.23922687
737.6	-44.21938844
737.8	-44.19954626
738	-44.17971974
738.2	-44.15989006
738.4	-44.14007619
738.6	-44.12025837
738.8	-44.10045726
739	-44.08065031
739.2	-44.06086024
739.4	-44.041065
739.6	-44.02128554
739.8	-44.00150214
740	-43.98173204
740.2	-43.96195857
740.4	-43.94219864
740.6	-43.92243439
740.8	-43.90268463
741	-43.88292889
741.2	-43.86318804
741.4	-43.84344056
741.6	-43.82370589
741.8	-43.80396606
742	-43.7842371
742.2	-43.76450383
742.4	-43.74478033
742.6	-43.72505056
742.8	-43.70533186
743	-43.68560506
743.2	-43.66588983
743.4	-43.64616553
743.6	-43.62645039
743.8	-43.60672781
744	-43.58701199
744.2	-43.56728954
744.4	-43.54757249
744.6	-43.52784634
744.8	-43.50812694
745	-43.48839621
745.2	-43.46867279
745.4	-43.44893703
745.6	-43.42920714
745.8	-43.40946566
746	-43.38972511
746.2	-43.36997411
746.4	-43.35022306
746.6	-43.33046044
746.8	-43.3106983
747	-43.29091966
747.2	-43.27114251
747.4	-43.25134793
747.6	-43.23155346
747.8	-43.21174236
748	-43.19192744
748.2	-43.17209723
748.4	-43.15225929
748.6	-43.13240419
748.8	-43.11254249
749	-43.09265997
749.2	-43.07277209
749.4	-43.05286049
749.6	-43.03294281
749.8	-43.01300081
750	-42.99304909
750.2	-42.97307443
750.4	-42.95308343
750.6	-42.93306937
750.8	-42.91303883
751	-42.8929819
751.2	-42.8729099
751.4	-42.85280661
751.6	-42.83268873
751.8	-42.81253717
752	-42.79236824
752.2	-42.77216627
752.4	-42.75194096
752.6	-42.73168397
752.8	-42.71139906
753	-42.69108133
753.2	-42.67073446
753.4	-42.65034983
753.6	-42.62993737
753.8	-42.60948071
754	-42.58899644
754.2	-42.56846484
754.4	-42.54790199
754.6	-42.52729233
754.8	-42.50664387
755	-42.48595009
755.2	-42.46521421
755.4	-42.44443237
755.6	-42.42360364
755.8	-42.40272399
756	-42.3817973
756.2	-42.36081096
756.4	-42.33977854
756.6	-42.31868273
756.8	-42.29753954
757	-42.27632937
757.2	-42.25506854
757.4	-42.23373691
757.6	-42.21234547
757.8	-42.1908836
758	-42.16935564
758.2	-42.14775646
758.4	-42.12608519
758.6	-42.10434004
758.8	-42.08251739
759	-42.06061636
759.2	-42.03863343
759.4	-42.01656574
759.6	-41.99441287
759.8	-41.9721672
760	-41.94983377
760.2	-41.92739813
760.4	-41.90487174
760.6	-41.88223444
760.8	-41.85950166
761	-41.83665431
761.2	-41.81370664
761.4	-41.79063447
761.6	-41.76745354
761.8	-41.74414293
762	-41.72071743
762.2	-41.69715517
762.4	-41.6734704
762.6	-41.64964041
762.8	-41.62567906
763	-41.60156293
763.2	-41.57730577
763.4	-41.55288339
763.6	-41.52830923
763.8	-41.50356346
764	-41.47865704
764.2	-41.45356416
764.4	-41.42829614
764.6	-41.40283416
764.8	-41.37718286
765	-41.35131977
765.2	-41.32524977
765.4	-41.29896023
765.6	-41.27244559
765.8	-41.24569909
766	-41.21870776
766.2	-41.1914675
766.4	-41.16397111
766.6	-41.1362044
766.8	-41.10816104
767	-41.07982114
767.2	-41.05118897
767.4	-41.02223909
767.6	-40.99296669
767.8	-40.96335719
768	-40.93339136
768.2	-40.90305486
768.4	-40.87233471
768.6	-40.8412086
768.8	-40.80966856
769	-40.77768399
769.2	-40.74523844
769.4	-40.71231039
769.6	-40.6788846
769.8	-40.6449236
770	-40.61040614
770.2	-40.57529944
770.4	-40.53957336
770.6	-40.50319484
770.8	-40.46613809
771	-40.42836176
771.2	-40.38982971
771.4	-40.35049029
771.6	-40.3102954
771.8	-40.26917844
772	-40.22709649
772.2	-40.1839715
772.4	-40.13973767
772.6	-40.09431647
772.8	-40.04762613
773	-39.99956147
773.2	-39.95003209
773.4	-39.89890613
773.6	-39.84605991
773.8	-39.7913161
774	-39.7345096
774.2	-39.67545983
774.4	-39.61395057
774.6	-39.54970911
774.8	-39.48242699
775	-39.4117546
775.2	-39.33728877
775.4	-39.25851121
775.6	-39.17479789
775.8	-39.08540934
776	-38.98945443
776.2	-38.88574783
776.4	-38.77282663
776.6	-38.64880363
776.8	-38.51105891
777	-38.35605831
777.2	-38.17870656
777.4	-37.9713293
777.6	-37.72178846
777.8	-37.40931381
778	-36.9940591
778.2	-36.38603851
778.4	-35.31766853
778.6	-32.37163606
778.8	-12.9209933
779	5.501584049
779.2	12.18291709
779.4	14.74536631
779.6	15.4160639
779.8	15.18353429
780	14.47661519
780.2	13.46076433
780.4	12.19215012
780.6	10.71313395
780.8	9.047675764
781	7.19278835
781.2	5.135811553
781.4	2.87154654
781.6	0.4150111334
781.8	-2.201428711
782	-4.932467556
782.2	-7.730850146
782.4	-10.55392125
782.6	-13.36964149
782.8	-16.15303437
783	-18.88077606
783.2	-21.52118779
783.4	-24.03118194
783.6	-26.36023331
783.8	-28.46976273
784	-30.34854891
784.2	-32.01467241
784.4	-33.49759366
784.6	-34.82470766
784.8	-36.01382421
785	-37.07685439
785.2	-38.02241181
785.4	-38.85988724
785.6	-39.59880737
785.8	-40.25008876
786	-40.82378597
786.2	-41.33022214
786.4	-41.77802567
786.6	-42.17555779
786.8	-42.52938957
787	-42.84587581
787.2	-43.12977624
787.4	-43.38582107
787.6	-43.61737133
787.8	-43.82795017
788	-44.01989707
788.2	-44.19585051
788.4	-44.35741841
788.6	-44.50660889
788.8	-44.64450814
789	-44.77267396
789.2	-44.89182309
789.4	-45.00318983
789.6	-45.10722789
789.8	-45.20493827
790	-45.29658693
790.2	-45.38300506
790.4	-45.46432443
790.6	-45.54125151
790.8	-45.61382171
791	-45.68264871
791.2	-45.74769827
791.4	-45.80951434
791.6	-45.86801231
791.8	-45.923683
792	-45.97640547
792.2	-46.02662914
792.4	-46.0742067
792.6	-46.11955506
792.8	-46.16250776
793	-46.2034557
793.2	-46.24221863
793.4	-46.2791661
793.6	-46.31410826
793.8	-46.34739691
794	-46.37883539
794.2	-46.40876059
794.4	-46.43697117
794.6	-46.46379104
794.8	-46.48901594
795	-46.51295847
795.2	-46.5354127
795.4	-46.556681
795.6	-46.57655693
795.8	-46.5953336
796	-46.61280444
796.2	-46.6292545
796.4	-46.64447786
796.6	-46.65875154
796.8	-46.67187053
797	-46.68410507
797.2	-46.69525157
797.4	-46.70557343
797.6	-46.71486859
797.8	-46.72339404
798	-46.7309493
798.2	-46.73778553
798.4	-46.7437046
798.6	-46.7489519
798.8	-46.75333127
799	-46.75708256
799.2	-46.76001186
799.4	-46.76235373
799.6	-46.76391649
799.8	-46.76492973
800	-46.76520411
800.2	-46.76496433
800.4	-47.15551447
800.6	-47.82500251
800.8	-48.37555584
801	-48.83196074
801.2	-49.21874293
801.4	-49.55376017
801.6	-49.84896926
801.8	-50.11350443
802	-50.3534631
802.2	-50.57396134
802.4	-50.77829336
802.6	-50.96955934
802.8	-51.14959283
803	-51.32040157
803.2	-51.48300837
803.4	-51.63879557
803.6	-51.78831593
803.8	-51.93257863
804	-52.07185519
804.2	-52.2069244
804.4	-52.33788514
804.6	-52.46536939
804.8	-52.58936779
805	-52.71041581
805.2	-52.82843506
805.4	-52.94389544
805.6	-53.05667374
805.8	-53.16719379
806	-53.27530294
806.2	-53.38139143
806.4	-53.48528714
806.6	-53.58735487
806.8	-53.6874096
807	-53.78579619
807.2	-53.88232107
807.4	-53.97731299
807.6	-54.0705728
807.8	-54.1624158
808	-54.2526394
808.2	-54.34154731
808.4	-54.42893506
808.6	-54.51509619
808.8	-54.59982533
809	-54.68340699
809.2	-54.76563574
809.4	-54.8467879
809.6	-54.92665856
809.8	-55.00551653
810	-55.08315787
810.2	-55.15984443
810.4	-55.23537364
810.6	-55.3100008
810.8	-55.38352499
811	-55.45619539
811.2	-55.5278129
811.4	-55.5986209
811.6	-55.66842233
811.8	-55.73745504
812	-55.80552414
812.2	-55.87286221
812.4	-55.93927661
812.6	-56.00499487
812.8	-56.06982671
813	-56.13399484
813.2	-56.19731137
813.4	-56.25999434
813.6	-56.32185834
813.8	-56.3831169
814	-56.44358713
814.2	-56.50347817
814.4	-56.56260967
814.6	-56.62118661
814.8	-56.67903113
815	-56.73634413
815.2	-56.79295031
815.4	-56.84904663
815.6	-56.90446034
815.8	-56.95938451
816	-57.013649
816.2	-57.0674431
816.4	-57.12059923
816.6	-57.17330306
816.8	-57.22538954
817	-57.2770408
817.2	-57.3280943
817.4	-57.37872873
817.6	-57.42878403
817.8	-57.47843553
818	-57.52752563
818.2	-57.57622639
818.4	-57.62438266
818.6	-57.67216327
818.8	-57.71941556
819	-57.76630517
819.2	-57.81268186
819.4	-57.85870821
819.6	-57.90423637
819.8	-57.94942591
820	-57.99413136
820.2	-58.03850936
820.4	-58.08241673
820.6	-58.12600727
820.8	-58.16914014
821	-58.2119663
821.2	-58.25434717
821.4	-58.29643099
821.6	-58.33808141
821.8	-58.379444
822	-58.42038463
822.2	-58.46104621
822.4	-58.50129681
822.6	-58.54127676
822.8	-58.5808563
823	-58.62017321
823.2	-58.6590999
823.4	-58.69777164
823.6	-58.73606293
823.8	-58.77410663
824	-58.81177931
824.2	-58.84921147
824.4	-58.8862817
824.6	-58.92311814
824.8	-58.95960141
825	-58.99585739
825.2	-59.03176867
825.4	-59.06745886
825.6	-59.10281251
825.8	-59.13795106
826	-59.17276097
826.2	-59.20736149
826.4	-59.241641
826.6	-59.27571664
826.8	-59.30947864
827	-59.34304206
827.2	-59.37629899
827.4	-59.40936243
827.6	-59.44212627
827.8	-59.47470154
828	-59.50698389
828.2	-59.53908239
828.4	-59.57089444
828.6	-59.6025272
828.8	-59.6338798
829	-59.66505747
829.2	-59.69596106
829.4	-59.72669394
829.6	-59.75715866
829.8	-59.78745674
830	-59.81749237
830.2	-59.84736531
830.4	-59.87698134
830.6	-59.90643849
830.8	-59.93564411
831	-59.96469451
831.2	-59.99349861
831.4	-60.02215106
831.6	-60.05056229
831.8	-60.07882526
832	-60.10685197
832.2	-60.13473373
832.4	-60.16238404
832.6	-60.1898926
832.8	-60.21717437
833	-60.2443175
833.2	-60.27123839
833.4	-60.29802364
833.6	-60.3245911
833.8	-60.35102584
834	-60.37724707
834.2	-60.4033384
834.4	-60.42922043
834.6	-60.45497529
834.8	-60.4805249
835	-60.50595
835.2	-60.53117383
835.4	-60.55627569
835.6	-60.58118016
835.8	-60.60596514
836	-60.6305565
836.2	-60.65503079
836.4	-60.67931511
836.6	-60.7034847
836.8	-60.72746791
837	-60.75133866
837.2	-60.77502651
837.4	-60.79860409
837.6	-60.8220022
837.8	-60.84529216
838	-60.86840596
838.2	-60.89141369
838.4	-60.9142485
838.6	-60.93697926
838.8	-60.95954026
839	-60.98199917
839.2	-61.00429139
839.4	-61.02648343
839.6	-61.0485118
839.8	-61.07044183
840	-61.09221114
840.2	-61.1138839
840.4	-61.13539881
840.6	-61.15681893
840.8	-61.17808399
841	-61.19925597
841.2	-61.22027564
841.4	-61.24120389
841.6	-61.26198247
841.8	-61.28267126
842	-61.30321301
842.2	-61.32366653
842.4	-61.34397557
842.6	-61.36419791
842.8	-61.38427826
843	-61.4042734
843.2	-61.424129
843.4	-61.44390084
843.6	-61.46353551
843.8	-61.48308786
844	-61.50250537
844.2	-61.52184194
844.4	-61.54104596
844.6	-61.56017036
844.8	-61.57916446
845	-61.59808026
845.2	-61.61686791
845.4	-61.63557857
845.6	-61.65416324
845.8	-61.67267214
846	-61.69105714
846.2	-61.7093676
846.4	-61.7275562
846.6	-61.74567144
846.8	-61.76366684
847	-61.78159004
847.2	-61.79939536
847.4	-61.81712963
847.6	-61.8347479
847.8	-61.85229626
848	-61.8697305
848.2	-61.88709589
848.4	-61.90434901
848.6	-61.92153434
848.8	-61.93860923
849	-61.95561733
849.2	-61.97251676
849.4	-61.98935041
849.6	-62.00607713
849.8	-62.02273906
850	-62.03929573
850.2	-62.0557886
850.4	-62.07217787
850.6	-62.08850427
850.8	-62.10472871
851	-62.1208912
851.2	-62.13695331
851.4	-62.1529544
851.6	-62.16885666
851.8	-62.18469876
852	-62.20044359
852.2	-62.21612913
852.4	-62.23171887
852.6	-62.24725019
852.8	-62.26268719
853	-62.27806657
853.2	-62.29335309
853.4	-62.3085828
853.6	-62.32372107
853.8	-62.33880331
854	-62.3537955
854.2	-62.36873244
854.4	-62.3835807
854.6	-62.39837447
854.8	-62.41308089
855	-62.42773356
855.2	-62.44230017
855.4	-62.4568138
855.6	-62.47124264
855.8	-62.4856192
856	-62.49991226
856.2	-62.51415373
856.4	-62.52831291
856.6	-62.54242121
856.8	-62.55644846
857	-62.57042544
857.2	-62.58432259
857.4	-62.59817016
857.6	-62.61193903
857.8	-62.62565897
858	-62.63930136
858.2	-62.65289547
858.4	-62.66641314
858.6	-62.67988316
858.8	-62.69327784
859	-62.70662547
859.2	-62.71989887
859.4	-62.73312579
859.6	-62.74627956
859.8	-62.75938744
860	-62.7724232
860.2	-62.78541364
860.4	-62.79833301
860.6	-62.81120763
860.8	-62.82401216
861	-62.83677249
861.2	-62.84946374
861.4	-62.86211134
861.6	-62.87469081
861.8	-62.88722717
862	-62.89969637
862.2	-62.91212297
862.4	-62.92448334
862.6	-62.93680163
862.8	-62.94905463
863	-62.96126604
863.2	-62.97341304
863.4	-62.98551897
863.6	-62.99756139
863.8	-63.00956321
864	-63.02150239
864.2	-63.03340144
864.4	-63.04523873
864.6	-63.05703637
864.8	-63.06877306
865	-63.08047054
865.2	-63.09210794
865.4	-63.1037066
865.6	-63.11524596
865.8	-63.12674701
866	-63.13818959
866.2	-63.1495943
866.4	-63.16094131
866.6	-63.17225089
866.8	-63.18350351
867	-63.19471914
867.2	-63.2058786
867.4	-63.21700146
867.6	-63.22806889
867.8	-63.23910013
868	-63.25007667
868.2	-63.26101744
868.4	-63.27190421
868.6	-63.2827556
868.8	-63.29355373
869	-63.30431686
869.2	-63.31502741
869.4	-63.32570334
869.6	-63.33632739
869.8	-63.3469172
870	-63.35745581
870.2	-63.36796054
870.4	-63.37841471
870.6	-63.38883539
870.8	-63.39920617
871	-63.4095438
871.2	-63.41983216
871.4	-63.43008773
871.6	-63.44029466
871.8	-63.45046916
872	-63.46059563
872.2	-63.47068999
872.4	-63.48073694
872.6	-63.49075213
872.8	-63.50072051
873	-63.51065744
873.2	-63.52054814
873.4	-63.53040773
873.6	-63.54022167
873.8	-63.55000483
874	-63.5597429
874.2	-63.56945049
874.4	-63.57911354
874.6	-63.58874643
874.8	-63.59833537
875	-63.60789443
875.2	-63.61741006
875.4	-63.6268961
875.6	-63.63633927
875.8	-63.64575316
876	-63.6551247
876.2	-63.66446721
876.4	-63.67376789
876.6	-63.68303986
876.8	-63.69227049
877	-63.7014727
877.2	-63.71063407
877.4	-63.71976727
877.6	-63.72886011
877.8	-63.7379251
878	-63.74695021
878.2	-63.75594773
878.4	-63.76490584
878.6	-63.7738366
878.8	-63.78272844
879	-63.79159319
879.2	-63.8004195
879.4	-63.80921897
879.6	-63.81798043
879.8	-63.82671529
880	-63.8354126
880.2	-63.84408359
880.4	-63.85271747
880.6	-63.86132526
880.8	-63.86989633
881	-63.87844157
881.2	-63.88695054
881.4	-63.89543393
881.6	-63.90388147
881.8	-63.91230363
882	-63.92069034
882.2	-63.92905193
882.4	-63.93737847
882.6	-63.94568013
882.8	-63.95394716
883	-63.96218949
883.2	-63.97039757
883.4	-63.97858119
883.6	-63.98673096
883.8	-63.9948565
884	-64.00294859
884.2	-64.01101661
884.4	-64.01905154
884.6	-64.02706264
884.8	-64.03504103
885	-64.04299583
885.2	-64.05091827
885.4	-64.0588173
885.6	-64.0666843
885.8	-64.0745281
886	-64.08234026
886.2	-64.09012943
886.4	-64.09788731
886.6	-64.10562239
886.8	-64.11332649
887	-64.12100797
887.2	-64.12865883
887.4	-64.13628729
887.6	-64.14388546
887.8	-64.15146141
888	-64.1590074
888.2	-64.16653133
888.4	-64.17402561
888.6	-64.18149804
888.8	-64.18894116
889	-64.19636263
889.2	-64.20375509
889.4	-64.21112603
889.6	-64.21846824
889.8	-64.22578916
890	-64.23308167
890.2	-64.24035306
890.4	-64.24759636
890.6	-64.25481869
890.8	-64.26201319
891	-64.26918689
891.2	-64.27633304
891.4	-64.2834586
891.6	-64.29055693
891.8	-64.29763481
892	-64.30468574
892.2	-64.31171636
892.4	-64.31872029
892.6	-64.32570407
892.8	-64.33266146
893	-64.33959889
893.2	-64.34651019
893.4	-64.35340169
893.6	-64.36026729
893.8	-64.36711321
894	-64.37393351
894.2	-64.38073433
894.4	-64.3875098
894.6	-64.39426593
894.8	-64.40099697
895	-64.4077088
895.2	-64.41439576
895.4	-64.42106364
895.6	-64.42770693
895.8	-64.43433131
896	-64.44093136
896.2	-64.44751266
896.4	-64.45406981
896.6	-64.46060834
896.8	-64.46712296
897	-64.4736191
897.2	-64.48009159
897.4	-64.48654576
897.6	-64.4929765
897.8	-64.49938906
898	-64.50577841
898.2	-64.51214967
898.4	-64.51849794
898.6	-64.52482829
898.8	-64.53113587
899	-64.53742567
899.2	-64.54369294
899.4	-64.54994256
899.6	-64.55616983
899.8	-64.56237954
900	-64.56856713
900.2	-64.5747373
900.4	-64.58088557
900.6	-64.58701657
900.8	-64.59312587
901	-64.59921803
901.2	-64.60528867
901.4	-64.61134226
901.6	-64.61737451
901.8	-64.62338987
902	-64.62938411
902.2	-64.63536157
902.4	-64.64131814
902.6	-64.64725804
902.8	-64.65317721
903	-64.65907981
903.2	-64.66496186
903.4	-64.67082746
903.6	-64.6766727
903.8	-64.68250164
904	-64.68831041
904.2	-64.69410301
904.4	-64.69987561
904.6	-64.7056321
904.8	-64.71136877
905	-64.71708943
905.2	-64.72279046
905.4	-64.72847561
905.6	-64.73414131
905.8	-64.73979127
906	-64.74542194
906.2	-64.75103697
906.4	-64.75663286
906.6	-64.76221316
906.8	-64.7677745
907	-64.7733204
907.2	-64.77884751
907.4	-64.78435929
907.6	-64.78985244
907.8	-64.79533039
908	-64.80078986
908.2	-64.80623417
908.4	-64.81166016
908.6	-64.81707109
908.8	-64.82246386
909	-64.8278417
909.2	-64.83320154
909.4	-64.83854657
909.6	-64.84387377
909.8	-64.84918621
910	-64.85448096
910.2	-64.85976103
910.4	-64.86502354
910.6	-64.87027149
910.8	-64.87550203
911	-64.88071813
911.2	-64.88591697
911.4	-64.89110147
911.6	-64.89626887
911.8	-64.90142199
912	-64.9065581
912.2	-64.91168003
912.4	-64.9167851
912.6	-64.92187607
912.8	-64.92695034
913	-64.93201063
913.2	-64.93705436
913.4	-64.9420842
913.6	-64.94709761
913.8	-64.95209719
914	-64.95708044
914.2	-64.96204994
914.4	-64.96700326
914.6	-64.97194293
914.8	-64.97686654
915	-64.9817766
915.2	-64.98667077
915.4	-64.99155146
915.6	-64.99641637
915.8	-65.00126789
916	-65.0061037
916.2	-65.01092619
916.4	-65.01573311
916.6	-65.0205268
916.8	-65.02530504
917	-65.03007016
917.2	-65.03481997
917.4	-65.03955674
917.6	-65.04427833
917.8	-65.04898691
918	-65.05368043
918.2	-65.058361
918.4	-65.06302659
918.6	-65.06767933
918.8	-65.07231723
919	-65.07694236
919.2	-65.08155277
919.4	-65.08615051
919.6	-65.09073366
919.8	-65.0953042
920	-65.09986023
920.2	-65.1044037
920.4	-65.10893274
920.6	-65.11344931
920.8	-65.11795159
921	-65.12244146
921.2	-65.12691713
921.4	-65.13138051
921.6	-65.13582981
921.8	-65.1402669
922	-65.14469
922.2	-65.14910096
922.4	-65.15349799
922.6	-65.15788291
922.8	-65.16225401
923	-65.1666131
923.2	-65.17095847
923.4	-65.1752919
923.6	-65.17961174
923.8	-65.18391971
924	-65.18821421
924.2	-65.1924969
924.4	-65.1967662
924.6	-65.20102374
924.8	-65.20526797
925	-65.20950047
925.2	-65.21371976
925.4	-65.21792741
925.6	-65.22212196
925.8	-65.22630496
926	-65.23047493
926.2	-65.23463344
926.4	-65.23877903
926.6	-65.2429132
926.8	-65.24703456
927	-65.25114453
927.2	-65.25524173
927.4	-65.25932761
927.6	-65.26340081
927.8	-65.26746276
928	-65.27151214
928.2	-65.27555034
928.4	-65.27957606
928.6	-65.28359069
928.8	-65.28759291
929	-65.29158411
929.2	-65.295563
929.4	-65.2995309
929.6	-65.30348653
929.8	-65.30743121
930	-65.31136371
930.2	-65.31528533
930.4	-65.31919487
930.6	-65.3230936
930.8	-65.32698033
931	-65.33085633
931.2	-65.33472041
931.4	-65.33857383
931.6	-65.34241541
931.8	-65.34624639
932	-65.35006559
932.2	-65.35387419
932.4	-65.35767107
932.6	-65.36145741
932.8	-65.36523214
933	-65.36899639
933.2	-65.37274911
933.4	-65.37649143
933.6	-65.3802223
933.8	-65.38394283
934	-65.38765199
934.2	-65.39135086
934.4	-65.39503844
934.6	-65.39871579
934.8	-65.40238186
935	-65.40603773
935.2	-65.4096824
935.4	-65.41331691
935.6	-65.41694031
935.8	-65.42055364
936	-65.42415594
936.2	-65.42774821
936.4	-65.43132954
936.6	-65.4349009
936.8	-65.43846139
937	-65.44201197
937.2	-65.44555176
937.4	-65.44908166
937.6	-65.45260077
937.8	-65.45611004
938	-65.4596086
938.2	-65.46309737
938.4	-65.4665755
938.6	-65.47004391
938.8	-65.47350177
939	-65.47694996
939.2	-65.48038767
939.4	-65.48381577
939.6	-65.48723346
939.8	-65.4906416
940	-65.49403939
940.2	-65.49742766
940.4	-65.5008056
940.6	-65.50417404
940.8	-65.50753223
941	-65.51088096
941.2	-65.5142195
941.4	-65.51754864
941.6	-65.52086769
941.8	-65.52417739
942	-65.52747704
942.2	-65.53076741
942.4	-65.53404781
942.6	-65.537319
942.8	-65.54058026
943	-65.54383234
943.2	-65.54707456
943.4	-65.5503076
943.6	-65.5535308
943.8	-65.55674489
944	-65.55994917
944.2	-65.56314439
944.4	-65.56632989
944.6	-65.56950637
944.8	-65.57267321
945	-65.5758311
945.2	-65.57897939
945.4	-65.58211879
945.6	-65.58524866
945.8	-65.58836966
946	-65.59148121
946.2	-65.59458394
946.4	-65.59767724
946.6	-65.60076174
946.8	-65.60383683
947	-65.60690314
947.2	-65.60996013
947.4	-65.61300839
947.6	-65.61604736
947.8	-65.61907767
948	-65.62209877
948.2	-65.62511126
948.4	-65.6281146
948.6	-65.63110937
948.8	-65.63409506
949	-65.63707221
949.2	-65.64004034
949.4	-65.64299999
949.6	-65.64595064
949.8	-65.64889284
950	-65.65182604
950.2	-65.65475081
950.4	-65.65766664
950.6	-65.66057409
950.8	-65.66347266
951	-65.66636289
951.2	-65.66924431
951.4	-65.67211744
951.6	-65.67498181
951.8	-65.67783796
952	-65.6806854
952.2	-65.68352464
952.4	-65.68635524
952.6	-65.68917769
952.8	-65.69199154
953	-65.69479727
953.2	-65.69759444
953.4	-65.7003835
953.6	-65.703164
953.8	-65.70593641
954	-65.70870033
954.2	-65.71145621
954.4	-65.71420366
954.6	-65.71694311
954.8	-65.71967419
955	-65.72239733
955.2	-65.72511213
955.4	-65.72781903
955.6	-65.73051767
955.8	-65.73320844
956	-65.735891
956.2	-65.73856574
956.4	-65.7412323
956.6	-65.74389109
956.8	-65.74654171
957	-65.74918457
957.2	-65.75181929
957.4	-65.75444626
957.6	-65.75706513
957.8	-65.75967629
958	-65.7622794
958.2	-65.76487486
958.4	-65.76746233
958.6	-65.77004219
958.8	-65.7726141
959	-65.77517846
959.2	-65.7777349
959.4	-65.78028384
959.6	-65.78282493
959.8	-65.78535853
960	-65.78788433
960.2	-65.79040269
960.4	-65.79291327
960.6	-65.79541644
960.8	-65.79791187
961	-65.80039987
961.2	-65.80288014
961.4	-65.80535303
961.6	-65.80781821
961.8	-65.81027606
962	-65.81272627
962.2	-65.81516919
962.4	-65.8176045
962.6	-65.82003256
962.8	-65.82245309
963	-65.82486639
963.2	-65.8272722
963.4	-65.82967083
963.6	-65.83206201
963.8	-65.83444607
964	-65.8368227
964.2	-65.83919223
964.4	-65.8415544
964.6	-65.84390947
964.8	-65.84625721
965	-65.8485979
965.2	-65.85093123
965.4	-65.8532575
965.6	-65.85557647
965.8	-65.85788841
966	-65.8601931
966.2	-65.86249081
966.4	-65.86478131
966.6	-65.86706487
966.8	-65.86934127
967	-65.87161077
967.2	-65.87387316
967.4	-65.87612867
967.6	-65.87837711
967.8	-65.88061874
968	-65.88285331
968.2	-65.88508111
968.4	-65.88730191
968.6	-65.88951596
968.8	-65.89172303
969	-65.89392337
969.2	-65.89611679
969.4	-65.89830347
969.6	-65.9004832
969.8	-65.90265623
970	-65.90482234
970.2	-65.90698179
970.4	-65.90913436
970.6	-65.91128029
970.8	-65.9134194
971	-65.91555191
971.2	-65.91767766
971.4	-65.91979683
971.6	-65.92190927
971.8	-65.92401517
972	-65.92611439
972.2	-65.92820711
972.4	-65.93029319
972.6	-65.9323728
972.8	-65.93444579
973	-65.93651234
973.2	-65.93857231
973.4	-65.9406259
973.6	-65.94267293
973.8	-65.94471357
974	-65.94674769
974.2	-65.94877543
974.4	-65.95079661
974.6	-65.95281146
974.8	-65.95481979
975	-65.9568218
975.2	-65.95881733
975.4	-65.96080659
975.6	-65.96278941
975.8	-65.964766
976	-65.96673619
976.2	-65.96870017
976.4	-65.97065779
976.6	-65.97260924
976.8	-65.97455437
977	-65.97649337
977.2	-65.97842609
977.4	-65.9803527
977.6	-65.98227306
977.8	-65.98418734
978	-65.98609541
978.2	-65.98799744
978.4	-65.98989329
978.6	-65.9917831
978.8	-65.99366676
979	-65.99554441
979.2	-65.99741594
979.4	-65.99928146
979.6	-66.00114081
979.8	-66.00299419
980	-66.00484144
980.2	-66.00668276
980.4	-66.00851799
980.6	-66.0103473
980.8	-66.01217057
981	-66.01398796
981.2	-66.01579936
981.4	-66.01760489
981.6	-66.01940447
981.8	-66.02119823
982	-66.02298604
982.2	-66.02476809
982.4	-66.02654423
982.6	-66.02831461
982.8	-66.03007913
983	-66.03183793
983.2	-66.0335909
983.4	-66.03533816
983.6	-66.03707963
983.8	-66.03881541
984	-66.04054543
984.2	-66.0422698
984.4	-66.04398841
984.6	-66.04570139
984.8	-66.04740864
985	-66.04911024
985.2	-66.0508061
985.4	-66.05249633
985.6	-66.05418086
985.8	-66.0558598
986	-66.05753306
986.2	-66.05920076
986.4	-66.06086281
986.6	-66.06251936
986.8	-66.06417029
987	-66.06581571
987.2	-66.06745559
987.4	-66.06908999
987.6	-66.07071884
987.8	-66.07234226
988	-66.07396017
988.2	-66.07557269
988.4	-66.0771797
988.6	-66.07878136
988.8	-66.08037757
989	-66.08196843
989.2	-66.08355386
989.4	-66.08513399
989.6	-66.0867087
989.8	-66.08827813
990	-66.08984217
990.2	-66.09140096
990.4	-66.09295439
990.6	-66.09450256
990.8	-66.09604541
991	-66.09758301
991.2	-66.09911527
991.4	-66.10064229
991.6	-66.10216397
991.8	-66.10368044
992	-66.10519163
992.2	-66.10669761
992.4	-66.10819834
992.6	-66.10969391
992.8	-66.11118426
993	-66.11266949
993.2	-66.11414951
993.4	-66.11562444
993.6	-66.1170942
993.8	-66.11855889
994	-66.12001843
994.2	-66.12147294
994.4	-66.12292234
994.6	-66.12436671
994.8	-66.12580601
995	-66.12724033
995.2	-66.1286696
995.4	-66.1300939
995.6	-66.13151317
995.8	-66.13292751
996	-66.13433684
996.2	-66.13574127
996.4	-66.13714073
996.6	-66.13853529
996.8	-66.13992489
997	-66.14130963
997.2	-66.14268943
997.4	-66.14406437
997.6	-66.1454344
997.8	-66.1467996
998	-66.1481599
998.2	-66.14951533
998.4	-66.15086586
998.6	-66.15221154
998.8	-66.15355237
999	-66.15488839
999.2	-66.15621956
999.4	-66.15754594
999.6	-66.15886751
999.8	-66.16018433
1000	-66.16149637
