 0 -65
 0.2 -65.0085
 0.4 -65.0175
 0.6 -65.0268
 0.8 -65.0362
 1 -65.0458
 1.2 -65.0554
 1.4 -65.0652
 1.6 -65.075
 1.8 -65.0848
 2 -65.0948
 2.2 -65.1047
 2.4 -65.1148
 2.6 -65.1248
 2.8 -65.1349
 3 -65.145
 3.2 -65.1552
 3.4 -65.1653
 3.6 -65.1755
 3.8 -65.1857
 4 -65.1959
 4.2 -65.2061
 4.4 -65.2163
 4.6 -65.2265
 4.8 -65.2367
 5 -65.2469
 5.2 -65.2571
 5.4 -65.2674
 5.6 -65.2776
 5.8 -65.2878
 6 -65.298
 6.2 -65.3082
 6.4 -65.3184
 6.6 -65.3286
 6.8 -65.3388
 7 -65.3489
 7.2 -65.3591
 7.4 -65.3692
 7.6 -65.3794
 7.8 -65.3895
 8 -65.3996
 8.2 -65.4097
 8.4 -65.4198
 8.6 -65.4299
 8.8 -65.44
 9 -65.45
 9.2 -65.4601
 9.4 -65.4701
 9.6 -65.4801
 9.8 -65.4901
 10 -65.5001
 10.2 -65.5101
 10.4 -65.52
 10.6 -65.53
 10.8 -65.5399
 11 -65.5498
 11.2 -65.5597
 11.4 -65.5696
 11.6 -65.5795
 11.8 -65.5893
 12 -65.5991
 12.2 -65.6089
 12.4 -65.6187
 12.6 -65.6285
 12.8 -65.6383
 13 -65.648
 13.2 -65.6578
 13.4 -65.6675
 13.6 -65.6772
 13.8 -65.6869
 14 -65.6965
 14.2 -65.7062
 14.4 -65.7158
 14.6 -65.7254
 14.8 -65.735
 15 -65.7446
 15.2 -65.7542
 15.4 -65.7637
 15.6 -65.7732
 15.8 -65.7827
 16 -65.7922
 16.2 -65.8017
 16.4 -65.8112
 16.6 -65.8206
 16.8 -65.83
 17 -65.8394
 17.2 -65.8488
 17.4 -65.8582
 17.6 -65.8675
 17.8 -65.8769
 18 -65.8862
 18.2 -65.8955
 18.4 -65.9047
 18.6 -65.914
 18.8 -65.9232
 19 -65.9325
 19.2 -65.9417
 19.4 -65.9509
 19.6 -65.96
 19.8 -65.9692
 20 -65.9783
 20.2 -65.9874
 20.4 -65.9965
 20.6 -66.0056
 20.8 -66.0147
 21 -66.0237
 21.2 -66.0328
 21.4 -66.0418
 21.6 -66.0508
 21.8 -66.0597
 22 -66.0687
 22.2 -66.0776
 22.4 -66.0866
 22.6 -66.0955
 22.8 -66.1044
 23 -66.1132
 23.2 -66.1221
 23.4 -66.1309
 23.6 -66.1397
 23.8 -66.1485
 24 -66.1573
 24.2 -66.1661
 24.4 -66.1748
 24.6 -66.1836
 24.8 -66.1923
 25 -66.201
 25.2 -66.2097
 25.4 -66.2183
 25.6 -66.227
 25.8 -66.2356
 26 -66.2442
 26.2 -66.2528
 26.4 -66.2614
 26.6 -66.2699
 26.8 -66.2785
 27 -66.287
 27.2 -66.2955
 27.4 -66.304
 27.6 -66.3125
 27.8 -66.3209
 28 -66.3294
 28.2 -66.3378
 28.4 -66.3462
 28.6 -66.3546
 28.8 -66.363
 29 -66.3713
 29.2 -66.3796
 29.4 -66.388
 29.6 -66.3963
 29.8 -66.4046
 30 -66.4128
 30.2 -66.4211
 30.4 -66.4293
 30.6 -66.4376
 30.8 -66.4458
 31 -66.454
 31.2 -66.4621
 31.4 -66.4703
 31.6 -66.4784
 31.8 -66.4866
 32 -66.4947
 32.2 -66.5028
 32.4 -66.5109
 32.6 -66.5189
 32.8 -66.527
 33 -66.535
 33.2 -66.543
 33.4 -66.551
 33.6 -66.559
 33.8 -66.567
 34 -66.5749
 34.2 -66.5828
 34.4 -66.5908
 34.6 -66.5987
 34.8 -66.6066
 35 -66.6144
 35.2 -66.6223
 35.4 -66.6301
 35.6 -66.638
 35.8 -66.6458
 36 -66.6536
 36.2 -66.6614
 36.4 -66.6691
 36.6 -66.6769
 36.8 -66.6846
 37 -66.6923
 37.2 -66.7
 37.4 -66.7077
 37.6 -66.7154
 37.8 -66.7231
 38 -66.7307
 38.2 -66.7383
 38.4 -66.7459
 38.6 -66.7536
 38.8 -66.7611
 39 -66.7687
 39.2 -66.7763
 39.4 -66.7838
 39.6 -66.7913
 39.8 -66.7988
 40 -66.8063
 40.2 -66.8138
 40.4 -66.8213
 40.6 -66.8288
 40.8 -66.8362
 41 -66.8436
 41.2 -66.851
 41.4 -66.8584
 41.6 -66.8658
 41.8 -66.8732
 42 -66.8805
 42.2 -66.8879
 42.4 -66.8952
 42.6 -66.9025
 42.8 -66.9098
 43 -66.9171
 43.2 -66.9244
 43.4 -66.9316
 43.6 -66.9389
 43.8 -66.9461
 44 -66.9533
 44.2 -66.9605
 44.4 -66.9677
 44.6 -66.9749
 44.8 -66.982
 45 -66.9892
 45.2 -66.9963
 45.4 -67.0034
 45.6 -67.0106
 45.8 -67.0176
 46 -67.0247
 46.2 -67.0318
 46.4 -67.0388
 46.6 -67.0459
 46.8 -67.0529
 47 -67.0599
 47.2 -67.0669
 47.4 -67.0739
 47.6 -67.0809
 47.8 -67.0879
 48 -67.0948
 48.2 -67.1017
 48.4 -67.1087
 48.6 -67.1156
 48.8 -67.1225
 49 -67.1293
 49.2 -67.1362
 49.4 -67.1431
 49.6 -67.1499
 49.8 -67.1567
 50 -67.1636
 50.2 -67.1704
 50.4 -67.1772
 50.6 -67.184
 50.8 -67.1907
 51 -67.1975
 51.2 -67.2042
 51.4 -67.211
 51.6 -67.2177
 51.8 -67.2244
 52 -67.2311
 52.2 -67.2378
 52.4 -67.2444
 52.6 -67.2511
 52.8 -67.2577
 53 -67.2644
 53.2 -67.271
 53.4 -67.2776
 53.6 -67.2842
 53.8 -67.2908
 54 -67.2973
 54.2 -67.3039
 54.4 -67.3105
 54.6 -67.317
 54.8 -67.3235
 55 -67.33
 55.2 -67.3365
 55.4 -67.343
 55.6 -67.3495
 55.8 -67.356
 56 -67.3624
 56.2 -67.3689
 56.4 -67.3753
 56.6 -67.3817
 56.8 -67.3881
 57 -67.3945
 57.2 -67.4009
 57.4 -67.4073
 57.6 -67.4136
 57.8 -67.42
 58 -67.4263
 58.2 -67.4327
 58.4 -67.439
 58.6 -67.4453
 58.8 -67.4516
 59 -67.4579
 59.2 -67.4641
 59.4 -67.4704
 59.6 -67.4767
 59.8 -67.4829
 60 -67.4891
 60.2 -67.4953
 60.4 -67.5015
 60.6 -67.5077
 60.8 -67.5139
 61 -67.5201
 61.2 -67.5263
 61.4 -67.5324
 61.6 -67.5385
 61.8 -67.5447
 62 -67.5508
 62.2 -67.5569
 62.4 -67.563
 62.6 -67.5691
 62.8 -67.5752
 63 -67.5812
 63.2 -67.5873
 63.4 -67.5933
 63.6 -67.5994
 63.8 -67.6054
 64 -67.6114
 64.2 -67.6174
 64.4 -67.6234
 64.6 -67.6294
 64.8 -67.6353
 65 -67.6413
 65.2 -67.6472
 65.4 -67.6532
 65.6 -67.6591
 65.8 -67.665
 66 -67.6709
 66.2 -67.6768
 66.4 -67.6827
 66.6 -67.6886
 66.8 -67.6945
 67 -67.7003
 67.2 -67.7062
 67.4 -67.712
 67.6 -67.7179
 67.8 -67.7237
 68 -67.7295
 68.2 -67.7353
 68.4 -67.7411
 68.6 -67.7468
 68.8 -67.7526
 69 -67.7584
 69.2 -67.7641
 69.4 -67.7699
 69.6 -67.7756
 69.8 -67.7813
 70 -67.787
 70.2 -67.7927
 70.4 -67.7984
 70.6 -67.8041
 70.8 -67.8098
 71 -67.8154
 71.2 -67.8211
 71.4 -67.8267
 71.6 -67.8324
 71.8 -67.838
 72 -67.8436
 72.2 -67.8492
 72.4 -67.8548
 72.6 -67.8604
 72.8 -67.866
 73 -67.8715
 73.2 -67.8771
 73.4 -67.8826
 73.6 -67.8882
 73.8 -67.8937
 74 -67.8992
 74.2 -67.9047
 74.4 -67.9102
 74.6 -67.9157
 74.8 -67.9212
 75 -67.9267
 75.2 -67.9322
 75.4 -67.9376
 75.6 -67.9431
 75.8 -67.9485
 76 -67.9539
 76.2 -67.9594
 76.4 -67.9648
 76.6 -67.9702
 76.8 -67.9756
 77 -67.981
 77.2 -67.9863
 77.4 -67.9917
 77.6 -67.9971
 77.8 -68.0024
 78 -68.0078
 78.2 -68.0131
 78.4 -68.0184
 78.6 -68.0237
 78.8 -68.029
 79 -68.0343
 79.2 -68.0396
 79.4 -68.0449
 79.6 -68.0502
 79.8 -68.0554
 80 -68.0607
 80.2 -68.0659
 80.4 -68.0712
 80.6 -68.0764
 80.8 -68.0816
 81 -68.0869
 81.2 -68.0921
 81.4 -68.0973
 81.6 -68.1024
 81.8 -68.1076
 82 -68.1128
 82.2 -68.118
 82.4 -68.1231
 82.6 -68.1283
 82.8 -68.1334
 83 -68.1385
 83.2 -68.1436
 83.4 -68.1488
 83.6 -68.1539
 83.8 -68.159
 84 -68.1641
 84.2 -68.1691
 84.4 -68.1742
 84.6 -68.1793
 84.8 -68.1843
 85 -68.1894
 85.2 -68.1944
 85.4 -68.1995
 85.6 -68.2045
 85.8 -68.2095
 86 -68.2145
 86.2 -68.2195
 86.4 -68.2245
 86.6 -68.2295
 86.8 -68.2345
 87 -68.2394
 87.2 -68.2444
 87.4 -68.2493
 87.6 -68.2543
 87.8 -68.2592
 88 -68.2642
 88.2 -68.2691
 88.4 -68.274
 88.6 -68.2789
 88.8 -68.2838
 89 -68.2887
 89.2 -68.2936
 89.4 -68.2985
 89.6 -68.3033
 89.8 -68.3082
 90 -68.313
 90.2 -68.3179
 90.4 -68.3227
 90.6 -68.3276
 90.8 -68.3324
 91 -68.3372
 91.2 -68.342
 91.4 -68.3468
 91.6 -68.3516
 91.8 -68.3564
 92 -68.3612
 92.2 -68.366
 92.4 -68.3707
 92.6 -68.3755
 92.8 -68.3802
 93 -68.385
 93.2 -68.3897
 93.4 -68.3944
 93.6 -68.3992
 93.8 -68.4039
 94 -68.4086
 94.2 -68.4133
 94.4 -68.418
 94.6 -68.4227
 94.8 -68.4273
 95 -68.432
 95.2 -68.4367
 95.4 -68.4413
 95.6 -68.446
 95.8 -68.4506
 96 -68.4553
 96.2 -68.4599
 96.4 -68.4645
 96.6 -68.4691
 96.8 -68.4737
 97 -68.4783
 97.2 -68.4829
 97.4 -68.4875
 97.6 -68.4921
 97.8 -68.4967
 98 -68.5012
 98.2 -68.5058
 98.4 -68.5103
 98.6 -68.5149
 98.8 -68.5194
 99 -68.524
 99.2 -68.5285
 99.4 -68.533
 99.6 -68.5375
 99.8 -68.542
 100 -68.5465
 100.2 -68.551
 100.4 -68.5555
 100.6 -68.56
 100.8 -68.5644
 101 -68.5689
 101.2 -68.5734
 101.4 -68.5778
 101.6 -68.5823
 101.8 -68.5867
 102 -68.5911
 102.2 -68.5956
 102.4 -68.6
 102.6 -68.6044
 102.8 -68.6088
 103 -68.6132
 103.2 -68.6176
 103.4 -68.622
 103.6 -68.6263
 103.8 -68.6307
 104 -68.6351
 104.2 -68.6394
 104.4 -68.6438
 104.6 -68.6482
 104.8 -68.6525
 105 -68.6568
 105.2 -68.6612
 105.4 -68.6655
 105.6 -68.6698
 105.8 -68.6741
 106 -68.6784
 106.2 -68.6827
 106.4 -68.687
 106.6 -68.6913
 106.8 -68.6956
 107 -68.6998
 107.2 -68.7041
 107.4 -68.7084
 107.6 -68.7126
 107.8 -68.7169
 108 -68.7211
 108.2 -68.7253
 108.4 -68.7296
 108.6 -68.7338
 108.8 -68.738
 109 -68.7422
 109.2 -68.7464
 109.4 -68.7506
 109.6 -68.7548
 109.8 -68.759
 110 -68.7632
 110.2 -68.7674
 110.4 -68.7715
 110.6 -68.7757
 110.8 -68.7798
 111 -68.784
 111.2 -68.7881
 111.4 -68.7923
 111.6 -68.7964
 111.8 -68.8005
 112 -68.8047
 112.2 -68.8088
 112.4 -68.8129
 112.6 -68.817
 112.8 -68.8211
 113 -68.8252
 113.2 -68.8293
 113.4 -68.8333
 113.6 -68.8374
 113.8 -68.8415
 114 -68.8456
 114.2 -68.8496
 114.4 -68.8537
 114.6 -68.8577
 114.8 -68.8617
 115 -68.8658
 115.2 -68.8698
 115.4 -68.8738
 115.6 -68.8779
 115.8 -68.8819
 116 -68.8859
 116.2 -68.8899
 116.4 -68.8939
 116.6 -68.8979
 116.8 -68.9018
 117 -68.9058
 117.2 -68.9098
 117.4 -68.9138
 117.6 -68.9177
 117.8 -68.9217
 118 -68.9256
 118.2 -68.9296
 118.4 -68.9335
 118.6 -68.9375
 118.8 -68.9414
 119 -68.9453
 119.2 -68.9492
 119.4 -68.9531
 119.6 -68.957
 119.8 -68.9609
 120 -68.9648
 120.2 -68.9687
 120.4 -68.9726
 120.6 -68.9765
 120.8 -68.9804
 121 -68.9842
 121.2 -68.9881
 121.4 -68.992
 121.6 -68.9958
 121.8 -68.9997
 122 -69.0035
 122.2 -69.0073
 122.4 -69.0112
 122.6 -69.015
 122.8 -69.0188
 123 -69.0226
 123.2 -69.0265
 123.4 -69.0303
 123.6 -69.0341
 123.8 -69.0379
 124 -69.0417
 124.2 -69.0454
 124.4 -69.0492
 124.6 -69.053
 124.8 -69.0568
 125 -69.0605
 125.2 -69.0643
 125.4 -69.068
 125.6 -69.0718
 125.8 -69.0755
 126 -69.0793
 126.2 -69.083
 126.4 -69.0867
 126.6 -69.0905
 126.8 -69.0942
 127 -69.0979
 127.2 -69.1016
 127.4 -69.1053
 127.6 -69.109
 127.8 -69.1127
 128 -69.1164
 128.2 -69.1201
 128.4 -69.1238
 128.6 -69.1274
 128.8 -69.1311
 129 -69.1348
 129.2 -69.1384
 129.4 -69.1421
 129.6 -69.1457
 129.8 -69.1494
 130 -69.153
 130.2 -69.1567
 130.4 -69.1603
 130.6 -69.1639
 130.8 -69.1675
 131 -69.1712
 131.2 -69.1748
 131.4 -69.1784
 131.6 -69.182
 131.8 -69.1856
 132 -69.1892
 132.2 -69.1928
 132.4 -69.1963
 132.6 -69.1999
 132.8 -69.2035
 133 -69.2071
 133.2 -69.2106
 133.4 -69.2142
 133.6 -69.2177
 133.8 -69.2213
 134 -69.2248
 134.2 -69.2284
 134.4 -69.2319
 134.6 -69.2354
 134.8 -69.239
 135 -69.2425
 135.2 -69.246
 135.4 -69.2495
 135.6 -69.253
 135.8 -69.2565
 136 -69.26
 136.2 -69.2635
 136.4 -69.267
 136.6 -69.2705
 136.8 -69.274
 137 -69.2775
 137.2 -69.2809
 137.4 -69.2844
 137.6 -69.2879
 137.8 -69.2913
 138 -69.2948
 138.2 -69.2982
 138.4 -69.3017
 138.6 -69.3051
 138.8 -69.3086
 139 -69.312
 139.2 -69.3154
 139.4 -69.3188
 139.6 -69.3223
 139.8 -69.3257
 140 -69.3291
 140.2 -69.3325
 140.4 -69.3359
 140.6 -69.3393
 140.8 -69.3427
 141 -69.3461
 141.2 -69.3495
 141.4 -69.3528
 141.6 -69.3562
 141.8 -69.3596
 142 -69.3629
 142.2 -69.3663
 142.4 -69.3697
 142.6 -69.373
 142.8 -69.3764
 143 -69.3797
 143.2 -69.3831
 143.4 -69.3864
 143.6 -69.3897
 143.8 -69.3931
 144 -69.3964
 144.2 -69.3997
 144.4 -69.403
 144.6 -69.4063
 144.8 -69.4096
 145 -69.4129
 145.2 -69.4162
 145.4 -69.4195
 145.6 -69.4228
 145.8 -69.4261
 146 -69.4294
 146.2 -69.4327
 146.4 -69.4359
 146.6 -69.4392
 146.8 -69.4425
 147 -69.4457
 147.2 -69.449
 147.4 -69.4522
 147.6 -69.4555
 147.8 -69.4587
 148 -69.462
 148.2 -69.4652
 148.4 -69.4684
 148.6 -69.4717
 148.8 -69.4749
 149 -69.4781
 149.2 -69.4813
 149.4 -69.4846
 149.6 -69.4878
 149.8 -69.491
 150 -69.4942
 150.2 -69.4974
 150.4 -69.5006
 150.6 -69.5037
 150.8 -69.5069
 151 -69.5101
 151.2 -69.5133
 151.4 -69.5165
 151.6 -69.5196
 151.8 -69.5228
 152 -69.526
 152.2 -69.5291
 152.4 -69.5323
 152.6 -69.5354
 152.8 -69.5386
 153 -69.5417
 153.2 -69.5448
 153.4 -69.548
 153.6 -69.5511
 153.8 -69.5542
 154 -69.5574
 154.2 -69.5605
 154.4 -69.5636
 154.6 -69.5667
 154.8 -69.5698
 155 -69.5729
 155.2 -69.576
 155.4 -69.5791
 155.6 -69.5822
 155.8 -69.5853
 156 -69.5884
 156.2 -69.5915
 156.4 -69.5945
 156.6 -69.5976
 156.8 -69.6007
 157 -69.6037
 157.2 -69.6068
 157.4 -69.6099
 157.6 -69.6129
 157.8 -69.616
 158 -69.619
 158.2 -69.6221
 158.4 -69.6251
 158.6 -69.6281
 158.8 -69.6312
 159 -69.6342
 159.2 -69.6372
 159.4 -69.6402
 159.6 -69.6433
 159.8 -69.6463
 160 -69.6493
 160.2 -69.6523
 160.4 -69.6553
 160.6 -69.6583
 160.8 -69.6613
 161 -69.6643
 161.2 -69.6673
 161.4 -69.6703
 161.6 -69.6732
 161.8 -69.6762
 162 -69.6792
 162.2 -69.6822
 162.4 -69.6851
 162.6 -69.6881
 162.8 -69.6911
 163 -69.694
 163.2 -69.697
 163.4 -69.6999
 163.6 -69.7029
 163.8 -69.7058
 164 -69.7087
 164.2 -69.7117
 164.4 -69.7146
 164.6 -69.7175
 164.8 -69.7205
 165 -69.7234
 165.2 -69.7263
 165.4 -69.7292
 165.6 -69.7321
 165.8 -69.735
 166 -69.738
 166.2 -69.7409
 166.4 -69.7438
 166.6 -69.7466
 166.8 -69.7495
 167 -69.7524
 167.2 -69.7553
 167.4 -69.7582
 167.6 -69.7611
 167.8 -69.7639
 168 -69.7668
 168.2 -69.7697
 168.4 -69.7725
 168.6 -69.7754
 168.8 -69.7783
 169 -69.7811
 169.2 -69.784
 169.4 -69.7868
 169.6 -69.7897
 169.8 -69.7925
 170 -69.7953
 170.2 -69.7982
 170.4 -69.801
 170.6 -69.8038
 170.8 -69.8067
 171 -69.8095
 171.2 -69.8123
 171.4 -69.8151
 171.6 -69.8179
 171.8 -69.8207
 172 -69.8235
 172.2 -69.8263
 172.4 -69.8291
 172.6 -69.8319
 172.8 -69.8347
 173 -69.8375
 173.2 -69.8403
 173.4 -69.8431
 173.6 -69.8458
 173.8 -69.8486
 174 -69.8514
 174.2 -69.8542
 174.4 -69.8569
 174.6 -69.8597
 174.8 -69.8625
 175 -69.8652
 175.2 -69.868
 175.4 -69.8707
 175.6 -69.8735
 175.8 -69.8762
 176 -69.8789
 176.2 -69.8817
 176.4 -69.8844
 176.6 -69.8871
 176.8 -69.8899
 177 -69.8926
 177.2 -69.8953
 177.4 -69.898
 177.6 -69.9008
 177.8 -69.9035
 178 -69.9062
 178.2 -69.9089
 178.4 -69.9116
 178.6 -69.9143
 178.8 -69.917
 179 -69.9197
 179.2 -69.9224
 179.4 -69.9251
 179.6 -69.9277
 179.8 -69.9304
 180 -69.9331
 180.2 -69.9358
 180.4 -69.9384
 180.6 -69.9411
 180.8 -69.9438
 181 -69.9464
 181.2 -69.9491
 181.4 -69.9518
 181.6 -69.9544
 181.8 -69.9571
 182 -69.9597
 182.2 -69.9624
 182.4 -69.965
 182.6 -69.9677
 182.8 -69.9703
 183 -69.9729
 183.2 -69.9756
 183.4 -69.9782
 183.6 -69.9808
 183.8 -69.9834
 184 -69.986
 184.2 -69.9887
 184.4 -69.9913
 184.6 -69.9939
 184.8 -69.9965
 185 -69.9991
 185.2 -70.0017
 185.4 -70.0043
 185.6 -70.0069
 185.8 -70.0095
 186 -70.0121
 186.2 -70.0147
 186.4 -70.0172
 186.6 -70.0198
 186.8 -70.0224
 187 -70.025
 187.2 -70.0276
 187.4 -70.0301
 187.6 -70.0327
 187.8 -70.0353
 188 -70.0378
 188.2 -70.0404
 188.4 -70.0429
 188.6 -70.0455
 188.8 -70.048
 189 -70.0506
 189.2 -70.0531
 189.4 -70.0557
 189.6 -70.0582
 189.8 -70.0607
 190 -70.0633
 190.2 -70.0658
 190.4 -70.0683
 190.6 -70.0709
 190.8 -70.0734
 191 -70.0759
 191.2 -70.0784
 191.4 -70.0809
 191.6 -70.0834
 191.8 -70.086
 192 -70.0885
 192.2 -70.091
 192.4 -70.0935
 192.6 -70.096
 192.8 -70.0985
 193 -70.1009
 193.2 -70.1034
 193.4 -70.1059
 193.6 -70.1084
 193.8 -70.1109
 194 -70.1134
 194.2 -70.1158
 194.4 -70.1183
 194.6 -70.1208
 194.8 -70.1233
 195 -70.1257
 195.2 -70.1282
 195.4 -70.1306
 195.6 -70.1331
 195.8 -70.1355
 196 -70.138
 196.2 -70.1404
 196.4 -70.1429
 196.6 -70.1453
 196.8 -70.1478
 197 -70.1502
 197.2 -70.1527
 197.4 -70.1551
 197.6 -70.1575
 197.8 -70.1599
 198 -70.1624
 198.2 -70.1648
 198.4 -70.1672
 198.6 -70.1696
 198.8 -70.172
 199 -70.1745
 199.2 -70.1769
 199.4 -70.1793
 199.6 -70.1817
 199.8 -70.1841
 200 -70.1865
 200.2 -68.4961
 200.4 -67.3913
 200.6 -66.519
 200.8 -65.7772
 201 -65.1206
 201.2 -64.5248
 201.4 -63.975
 201.6 -63.4612
 201.8 -62.9764
 202 -62.5157
 202.2 -62.075
 202.4 -61.6516
 202.6 -61.2429
 202.8 -60.8471
 203 -60.4627
 203.2 -60.0883
 203.4 -59.723
 203.6 -59.3657
 203.8 -59.0159
 204 -58.6728
 204.2 -58.336
 204.4 -58.005
 204.6 -57.6793
 204.8 -57.3588
 205 -57.0431
 205.2 -56.7319
 205.4 -56.4251
 205.6 -56.1225
 205.8 -55.824
 206 -55.5295
 206.2 -55.2387
 206.4 -54.9518
 206.6 -54.6685
 206.8 -54.3888
 207 -54.1127
 207.2 -53.8401
 207.4 -53.571
 207.6 -53.3054
 207.8 -53.0432
 208 -52.7844
 208.2 -52.5291
 208.4 -52.2771
 208.6 -52.0286
 208.8 -51.7834
 209 -51.5416
 209.2 -51.3032
 209.4 -51.0682
 209.6 -50.8365
 209.8 -50.6082
 210 -50.3833
 210.2 -50.1617
 210.4 -49.9435
 210.6 -49.7286
 210.8 -49.517
 211 -49.3088
 211.2 -49.1038
 211.4 -48.9021
 211.6 -48.7037
 211.8 -48.5086
 212 -48.3166
 212.2 -48.1278
 212.4 -47.9422
 212.6 -47.7597
 212.8 -47.5803
 213 -47.404
 213.2 -47.2306
 213.4 -47.0602
 213.6 -46.8927
 213.8 -46.7281
 214 -46.5663
 214.2 -46.4072
 214.4 -46.2509
 214.6 -46.0972
 214.8 -45.9461
 215 -45.7975
 215.2 -45.6513
 215.4 -45.5076
 215.6 -45.3661
 215.8 -45.227
 216 -45.09
 216.2 -44.9551
 216.4 -44.8223
 216.6 -44.6914
 216.8 -44.5624
 217 -44.4353
 217.2 -44.3099
 217.4 -44.1862
 217.6 -44.0641
 217.8 -43.9435
 218 -43.8244
 218.2 -43.7066
 218.4 -43.5901
 218.6 -43.4748
 218.8 -43.3606
 219 -43.2475
 219.2 -43.1354
 219.4 -43.0241
 219.6 -42.9136
 219.8 -42.8038
 220 -42.6947
 220.2 -42.586
 220.4 -42.4778
 220.6 -42.3699
 220.8 -42.2623
 221 -42.1547
 221.2 -42.0472
 221.4 -41.9396
 221.6 -41.8317
 221.8 -41.7234
 222 -41.6146
 222.2 -41.5051
 222.4 -41.3948
 222.6 -41.2835
 222.8 -41.171
 223 -41.057
 223.2 -40.9413
 223.4 -40.8236
 223.6 -40.7037
 223.8 -40.5811
 224 -40.4554
 224.2 -40.3262
 224.4 -40.1929
 224.6 -40.0549
 224.8 -39.9114
 225 -39.7614
 225.2 -39.6037
 225.4 -39.4369
 225.6 -39.2592
 225.8 -39.0681
 226 -38.8605
 226.2 -38.6323
 226.4 -38.3773
 226.6 -38.087
 226.8 -37.7481
 227 -37.3396
 227.2 -36.8244
 227.4 -36.1319
 227.6 -35.1051
 227.8 -33.3146
 228 -29.1171
 228.2 -12.9776
 228.4 20.2421
 228.6 21.6032
 228.8 11.1602
 229 -0.889411
 229.2 -10.9024
 229.4 -18.5295
 229.6 -24.6218
 229.8 -29.8163
 230 -33.922
 230.2 -36.9521
 230.4 -39.1184
 230.6 -40.6355
 230.8 -41.7036
 231 -42.4695
 231.2 -43.0286
 231.4 -43.4423
 231.6 -43.7517
 231.8 -43.9856
 232 -44.165
 232.2 -44.3051
 232.4 -44.4171
 232.6 -44.5091
 232.8 -44.5868
 233 -44.6541
 233.2 -44.7138
 233.4 -44.7676
 233.6 -44.8167
 233.8 -44.8616
 234 -44.9029
 234.2 -44.9407
 234.4 -44.975
 234.6 -45.006
 234.8 -45.0337
 235 -45.0581
 235.2 -45.0792
 235.4 -45.0971
 235.6 -45.1118
 235.8 -45.1234
 236 -45.1319
 236.2 -45.1376
 236.4 -45.1404
 236.6 -45.1405
 236.8 -45.1381
 237 -45.1332
 237.2 -45.126
 237.4 -45.1166
 237.6 -45.1051
 237.8 -45.0917
 238 -45.0765
 238.2 -45.0595
 238.4 -45.0409
 238.6 -45.0209
 238.8 -44.9995
 239 -44.9767
 239.2 -44.9528
 239.4 -44.9277
 239.6 -44.9016
 239.8 -44.8745
 240 -44.8465
 240.2 -44.8178
 240.4 -44.7882
 240.6 -44.758
 240.8 -44.7271
 241 -44.6956
 241.2 -44.6636
 241.4 -44.6311
 241.6 -44.5981
 241.8 -44.5647
 242 -44.531
 242.2 -44.4969
 242.4 -44.4624
 242.6 -44.4278
 242.8 -44.3928
 243 -44.3577
 243.2 -44.3223
 243.4 -44.2868
 243.6 -44.2511
 243.8 -44.2152
 244 -44.1793
 244.2 -44.1432
 244.4 -44.1071
 244.6 -44.0709
 244.8 -44.0346
 245 -43.9983
 245.2 -43.962
 245.4 -43.9256
 245.6 -43.8892
 245.8 -43.8528
 246 -43.8164
 246.2 -43.78
 246.4 -43.7436
 246.6 -43.7072
 246.8 -43.6708
 247 -43.6345
 247.2 -43.5982
 247.4 -43.562
 247.6 -43.5257
 247.8 -43.4896
 248 -43.4534
 248.2 -43.4173
 248.4 -43.3813
 248.6 -43.3453
 248.8 -43.3093
 249 -43.2734
 249.2 -43.2375
 249.4 -43.2017
 249.6 -43.1659
 249.8 -43.1302
 250 -43.0945
 250.2 -43.0589
 250.4 -43.0233
 250.6 -42.9877
 250.8 -42.9522
 251 -42.9167
 251.2 -42.8812
 251.4 -42.8458
 251.6 -42.8104
 251.8 -42.775
 252 -42.7396
 252.2 -42.7043
 252.4 -42.669
 252.6 -42.6336
 252.8 -42.5983
 253 -42.563
 253.2 -42.5277
 253.4 -42.4924
 253.6 -42.4571
 253.8 -42.4217
 254 -42.3864
 254.2 -42.351
 254.4 -42.3156
 254.6 -42.2801
 254.8 -42.2446
 255 -42.2091
 255.2 -42.1735
 255.4 -42.1379
 255.6 -42.1022
 255.8 -42.0664
 256 -42.0306
 256.2 -41.9946
 256.4 -41.9586
 256.6 -41.9225
 256.8 -41.8863
 257 -41.8499
 257.2 -41.8134
 257.4 -41.7768
 257.6 -41.7401
 257.8 -41.7032
 258 -41.6662
 258.2 -41.6289
 258.4 -41.5915
 258.6 -41.5539
 258.8 -41.5161
 259 -41.4781
 259.2 -41.4399
 259.4 -41.4014
 259.6 -41.3626
 259.8 -41.3236
 260 -41.2843
 260.2 -41.2447
 260.4 -41.2047
 260.6 -41.1644
 260.8 -41.1238
 261 -41.0828
 261.2 -41.0413
 261.4 -40.9995
 261.6 -40.9571
 261.8 -40.9143
 262 -40.871
 262.2 -40.8272
 262.4 -40.7828
 262.6 -40.7377
 262.8 -40.6921
 263 -40.6457
 263.2 -40.5986
 263.4 -40.5508
 263.6 -40.5021
 263.8 -40.4525
 264 -40.4019
 264.2 -40.3504
 264.4 -40.2978
 264.6 -40.244
 264.8 -40.1889
 265 -40.1325
 265.2 -40.0746
 265.4 -40.0151
 265.6 -39.9539
 265.8 -39.8908
 266 -39.8257
 266.2 -39.7583
 266.4 -39.6884
 266.6 -39.6159
 266.8 -39.5403
 267 -39.4614
 267.2 -39.3787
 267.4 -39.2918
 267.6 -39.2002
 267.8 -39.1031
 268 -38.9998
 268.2 -38.8892
 268.4 -38.7703
 268.6 -38.6413
 268.8 -38.5005
 269 -38.3451
 269.2 -38.1718
 269.4 -37.9758
 269.6 -37.7505
 269.8 -37.486
 270 -37.1669
 270.2 -36.768
 270.4 -36.2442
 270.6 -35.5055
 270.8 -34.3413
 271 -32.1281
 271.2 -26.1977
 271.4 -2.42228
 271.6 19.5024
 271.8 17.0256
 272 7.02505
 272.2 -3.62962
 272.4 -12.56
 272.6 -19.479
 272.8 -25.0842
 273 -29.7637
 273.2 -33.3533
 273.4 -36.0018
 273.6 -37.9747
 273.8 -39.4672
 274 -40.6263
 274.2 -41.5562
 274.4 -42.3245
 274.6 -42.9724
 274.8 -43.5257
 275 -44.0018
 275.2 -44.414
 275.4 -44.773
 275.6 -45.0878
 275.8 -45.366
 276 -45.6139
 276.2 -45.8363
 276.4 -46.0375
 276.6 -46.2206
 276.8 -46.388
 277 -46.5419
 277.2 -46.6837
 277.4 -46.8147
 277.6 -46.936
 277.8 -47.0483
 278 -47.1524
 278.2 -47.2489
 278.4 -47.3382
 278.6 -47.4209
 278.8 -47.4974
 279 -47.5679
 279.2 -47.6329
 279.4 -47.6926
 279.6 -47.7474
 279.8 -47.7975
 280 -47.8432
 280.2 -47.8847
 280.4 -47.9223
 280.6 -47.9561
 280.8 -47.9863
 281 -48.0132
 281.2 -48.0369
 281.4 -48.0576
 281.6 -48.0754
 281.8 -48.0905
 282 -48.103
 282.2 -48.1131
 282.4 -48.1209
 282.6 -48.1264
 282.8 -48.1299
 283 -48.1314
 283.2 -48.131
 283.4 -48.1288
 283.6 -48.1249
 283.8 -48.1194
 284 -48.1123
 284.2 -48.1038
 284.4 -48.0939
 284.6 -48.0826
 284.8 -48.0701
 285 -48.0564
 285.2 -48.0416
 285.4 -48.0256
 285.6 -48.0086
 285.8 -47.9906
 286 -47.9717
 286.2 -47.9519
 286.4 -47.9312
 286.6 -47.9097
 286.8 -47.8875
 287 -47.8645
 287.2 -47.8408
 287.4 -47.8164
 287.6 -47.7914
 287.8 -47.7657
 288 -47.7395
 288.2 -47.7128
 288.4 -47.6855
 288.6 -47.6577
 288.8 -47.6295
 289 -47.6008
 289.2 -47.5716
 289.4 -47.5421
 289.6 -47.5122
 289.8 -47.4819
 290 -47.4513
 290.2 -47.4203
 290.4 -47.389
 290.6 -47.3575
 290.8 -47.3256
 291 -47.2935
 291.2 -47.2612
 291.4 -47.2286
 291.6 -47.1958
 291.8 -47.1627
 292 -47.1295
 292.2 -47.0961
 292.4 -47.0626
 292.6 -47.0289
 292.8 -46.995
 293 -46.961
 293.2 -46.9268
 293.4 -46.8926
 293.6 -46.8582
 293.8 -46.8238
 294 -46.7892
 294.2 -46.7546
 294.4 -46.7198
 294.6 -46.6851
 294.8 -46.6502
 295 -46.6153
 295.2 -46.5803
 295.4 -46.5454
 295.6 -46.5103
 295.8 -46.4753
 296 -46.4402
 296.2 -46.4051
 296.4 -46.37
 296.6 -46.3348
 296.8 -46.2997
 297 -46.2646
 297.2 -46.2295
 297.4 -46.1943
 297.6 -46.1592
 297.8 -46.1242
 298 -46.0891
 298.2 -46.0541
 298.4 -46.0191
 298.6 -45.9841
 298.8 -45.9491
 299 -45.9142
 299.2 -45.8794
 299.4 -45.8446
 299.6 -45.8098
 299.8 -45.7751
 300 -45.7404
 300.2 -45.7058
 300.4 -45.6712
 300.6 -45.6367
 300.8 -45.6022
 301 -45.5679
 301.2 -45.5335
 301.4 -45.4993
 301.6 -45.4651
 301.8 -45.4309
 302 -45.3969
 302.2 -45.3629
 302.4 -45.329
 302.6 -45.2951
 302.8 -45.2614
 303 -45.2277
 303.2 -45.194
 303.4 -45.1605
 303.6 -45.127
 303.8 -45.0936
 304 -45.0603
 304.2 -45.0271
 304.4 -44.9939
 304.6 -44.9608
 304.8 -44.9279
 305 -44.8949
 305.2 -44.8621
 305.4 -44.8294
 305.6 -44.7967
 305.8 -44.7641
 306 -44.7316
 306.2 -44.6992
 306.4 -44.6669
 306.6 -44.6346
 306.8 -44.6024
 307 -44.5703
 307.2 -44.5383
 307.4 -44.5064
 307.6 -44.4746
 307.8 -44.4428
 308 -44.4111
 308.2 -44.3795
 308.4 -44.348
 308.6 -44.3165
 308.8 -44.2852
 309 -44.2539
 309.2 -44.2227
 309.4 -44.1916
 309.6 -44.1605
 309.8 -44.1296
 310 -44.0987
 310.2 -44.0679
 310.4 -44.0371
 310.6 -44.0064
 310.8 -43.9759
 311 -43.9453
 311.2 -43.9149
 311.4 -43.8845
 311.6 -43.8542
 311.8 -43.824
 312 -43.7938
 312.2 -43.7637
 312.4 -43.7337
 312.6 -43.7037
 312.8 -43.6738
 313 -43.644
 313.2 -43.6142
 313.4 -43.5845
 313.6 -43.5548
 313.8 -43.5252
 314 -43.4957
 314.2 -43.4662
 314.4 -43.4368
 314.6 -43.4074
 314.8 -43.3781
 315 -43.3489
 315.2 -43.3197
 315.4 -43.2905
 315.6 -43.2614
 315.8 -43.2323
 316 -43.2033
 316.2 -43.1743
 316.4 -43.1454
 316.6 -43.1165
 316.8 -43.0876
 317 -43.0588
 317.2 -43.03
 317.4 -43.0013
 317.6 -42.9725
 317.8 -42.9439
 318 -42.9152
 318.2 -42.8866
 318.4 -42.858
 318.6 -42.8294
 318.8 -42.8008
 319 -42.7723
 319.2 -42.7437
 319.4 -42.7152
 319.6 -42.6867
 319.8 -42.6582
 320 -42.6297
 320.2 -42.6013
 320.4 -42.5728
 320.6 -42.5443
 320.8 -42.5159
 321 -42.4874
 321.2 -42.4589
 321.4 -42.4304
 321.6 -42.4019
 321.8 -42.3734
 322 -42.3449
 322.2 -42.3163
 322.4 -42.2877
 322.6 -42.2591
 322.8 -42.2305
 323 -42.2018
 323.2 -42.1732
 323.4 -42.1444
 323.6 -42.1156
 323.8 -42.0868
 324 -42.0579
 324.2 -42.029
 324.4 -42
 324.6 -41.971
 324.8 -41.9419
 325 -41.9127
 325.2 -41.8835
 325.4 -41.8541
 325.6 -41.8247
 325.8 -41.7952
 326 -41.7656
 326.2 -41.7359
 326.4 -41.7061
 326.6 -41.6762
 326.8 -41.6462
 327 -41.616
 327.2 -41.5858
 327.4 -41.5554
 327.6 -41.5248
 327.8 -41.4941
 328 -41.4632
 328.2 -41.4322
 328.4 -41.401
 328.6 -41.3697
 328.8 -41.3381
 329 -41.3063
 329.2 -41.2744
 329.4 -41.2422
 329.6 -41.2098
 329.8 -41.1771
 330 -41.1442
 330.2 -41.111
 330.4 -41.0776
 330.6 -41.0438
 330.8 -41.0098
 331 -40.9754
 331.2 -40.9407
 331.4 -40.9056
 331.6 -40.8702
 331.8 -40.8344
 332 -40.7981
 332.2 -40.7615
 332.4 -40.7243
 332.6 -40.6867
 332.8 -40.6486
 333 -40.6099
 333.2 -40.5707
 333.4 -40.5308
 333.6 -40.4904
 333.8 -40.4492
 334 -40.4074
 334.2 -40.3648
 334.4 -40.3213
 334.6 -40.2771
 334.8 -40.2318
 335 -40.1857
 335.2 -40.1384
 335.4 -40.0901
 335.6 -40.0405
 335.8 -39.9897
 336 -39.9374
 336.2 -39.8836
 336.4 -39.8282
 336.6 -39.771
 336.8 -39.7119
 337 -39.6507
 337.2 -39.5872
 337.4 -39.5211
 337.6 -39.4522
 337.8 -39.3801
 338 -39.3046
 338.2 -39.2252
 338.4 -39.1414
 338.6 -39.0526
 338.8 -38.9581
 339 -38.8571
 339.2 -38.7485
 339.4 -38.6308
 339.6 -38.5026
 339.8 -38.3616
 340 -38.2048
 340.2 -38.0286
 340.4 -37.8274
 340.6 -37.5935
 340.8 -37.3153
 341 -36.9743
 341.2 -36.5392
 341.4 -35.9518
 341.6 -35.0894
 341.8 -33.6418
 342 -30.5678
 342.2 -20.63
 342.4 11.7059
 342.6 19.9452
 342.8 13.2116
 343 2.50322
 343.2 -7.53388
 343.4 -15.5912
 343.6 -21.8984
 343.8 -27.1471
 344 -31.4136
 344.2 -34.6046
 344.4 -36.9782
 344.6 -38.7713
 344.8 -40.1522
 345 -41.2398
 345.2 -42.1134
 345.4 -42.8261
 345.6 -43.4151
 345.8 -43.9076
 346 -44.3246
 346.2 -44.6819
 346.4 -44.9918
 346.6 -45.2637
 346.8 -45.5047
 347 -45.7203
 347.2 -45.9147
 347.4 -46.091
 347.6 -46.2519
 347.8 -46.3991
 348 -46.5344
 348.2 -46.659
 348.4 -46.7738
 348.6 -46.8798
 348.8 -46.9776
 349 -47.068
 349.2 -47.1513
 349.4 -47.2282
 349.6 -47.2991
 349.8 -47.3643
 350 -47.4242
 350.2 -47.4791
 350.4 -47.5294
 350.6 -47.5752
 350.8 -47.6169
 351 -47.6547
 351.2 -47.6888
 351.4 -47.7195
 351.6 -47.7468
 351.8 -47.7711
 352 -47.7924
 352.2 -47.811
 352.4 -47.8269
 352.6 -47.8404
 352.8 -47.8515
 353 -47.8604
 353.2 -47.8671
 353.4 -47.8719
 353.6 -47.8748
 353.8 -47.8758
 354 -47.8752
 354.2 -47.8729
 354.4 -47.8691
 354.6 -47.8638
 354.8 -47.8572
 355 -47.8492
 355.2 -47.8399
 355.4 -47.8294
 355.6 -47.8178
 355.8 -47.8052
 356 -47.7914
 356.2 -47.7767
 356.4 -47.7611
 356.6 -47.7446
 356.8 -47.7272
 357 -47.709
 357.2 -47.6901
 357.4 -47.6704
 357.6 -47.65
 357.8 -47.629
 358 -47.6073
 358.2 -47.585
 358.4 -47.5622
 358.6 -47.5388
 358.8 -47.5149
 359 -47.4905
 359.2 -47.4656
 359.4 -47.4403
 359.6 -47.4146
 359.8 -47.3885
 360 -47.362
 360.2 -47.3351
 360.4 -47.3079
 360.6 -47.2804
 360.8 -47.2525
 361 -47.2244
 361.2 -47.196
 361.4 -47.1674
 361.6 -47.1385
 361.8 -47.1093
 362 -47.08
 362.2 -47.0504
 362.4 -47.0207
 362.6 -46.9908
 362.8 -46.9607
 363 -46.9304
 363.2 -46.9
 363.4 -46.8695
 363.6 -46.8388
 363.8 -46.808
 364 -46.7772
 364.2 -46.7462
 364.4 -46.7151
 364.6 -46.6839
 364.8 -46.6527
 365 -46.6213
 365.2 -46.59
 365.4 -46.5585
 365.6 -46.527
 365.8 -46.4955
 366 -46.4639
 366.2 -46.4323
 366.4 -46.4007
 366.6 -46.369
 366.8 -46.3374
 367 -46.3057
 367.2 -46.274
 367.4 -46.2423
 367.6 -46.2106
 367.8 -46.1789
 368 -46.1472
 368.2 -46.1156
 368.4 -46.0839
 368.6 -46.0523
 368.8 -46.0207
 369 -45.9891
 369.2 -45.9576
 369.4 -45.926
 369.6 -45.8946
 369.8 -45.8631
 370 -45.8317
 370.2 -45.8003
 370.4 -45.769
 370.6 -45.7378
 370.8 -45.7065
 371 -45.6754
 371.2 -45.6443
 371.4 -45.6132
 371.6 -45.5822
 371.8 -45.5513
 372 -45.5204
 372.2 -45.4896
 372.4 -45.4588
 372.6 -45.4281
 372.8 -45.3975
 373 -45.3669
 373.2 -45.3364
 373.4 -45.306
 373.6 -45.2757
 373.8 -45.2454
 374 -45.2152
 374.2 -45.185
 374.4 -45.155
 374.6 -45.125
 374.8 -45.0951
 375 -45.0652
 375.2 -45.0355
 375.4 -45.0058
 375.6 -44.9762
 375.8 -44.9467
 376 -44.9172
 376.2 -44.8879
 376.4 -44.8586
 376.6 -44.8294
 376.8 -44.8002
 377 -44.7712
 377.2 -44.7422
 377.4 -44.7133
 377.6 -44.6845
 377.8 -44.6558
 378 -44.6271
 378.2 -44.5985
 378.4 -44.57
 378.6 -44.5416
 378.8 -44.5133
 379 -44.485
 379.2 -44.4569
 379.4 -44.4288
 379.6 -44.4008
 379.8 -44.3728
 380 -44.345
 380.2 -44.3172
 380.4 -44.2895
 380.6 -44.2619
 380.8 -44.2343
 381 -44.2068
 381.2 -44.1795
 381.4 -44.1521
 381.6 -44.1249
 381.8 -44.0977
 382 -44.0706
 382.2 -44.0436
 382.4 -44.0167
 382.6 -43.9898
 382.8 -43.963
 383 -43.9363
 383.2 -43.9097
 383.4 -43.8831
 383.6 -43.8566
 383.8 -43.8301
 384 -43.8038
 384.2 -43.7775
 384.4 -43.7512
 384.6 -43.7251
 384.8 -43.699
 385 -43.6729
 385.2 -43.647
 385.4 -43.6211
 385.6 -43.5952
 385.8 -43.5695
 386 -43.5437
 386.2 -43.5181
 386.4 -43.4925
 386.6 -43.467
 386.8 -43.4415
 387 -43.4161
 387.2 -43.3907
 387.4 -43.3654
 387.6 -43.3401
 387.8 -43.3149
 388 -43.2898
 388.2 -43.2647
 388.4 -43.2397
 388.6 -43.2147
 388.8 -43.1897
 389 -43.1648
 389.2 -43.14
 389.4 -43.1152
 389.6 -43.0904
 389.8 -43.0657
 390 -43.041
 390.2 -43.0164
 390.4 -42.9918
 390.6 -42.9673
 390.8 -42.9428
 391 -42.9183
 391.2 -42.8938
 391.4 -42.8694
 391.6 -42.8451
 391.8 -42.8207
 392 -42.7964
 392.2 -42.7721
 392.4 -42.7479
 392.6 -42.7237
 392.8 -42.6995
 393 -42.6753
 393.2 -42.6511
 393.4 -42.627
 393.6 -42.6029
 393.8 -42.5788
 394 -42.5547
 394.2 -42.5306
 394.4 -42.5066
 394.6 -42.4825
 394.8 -42.4585
 395 -42.4345
 395.2 -42.4104
 395.4 -42.3864
 395.6 -42.3624
 395.8 -42.3384
 396 -42.3144
 396.2 -42.2904
 396.4 -42.2663
 396.6 -42.2423
 396.8 -42.2183
 397 -42.1942
 397.2 -42.1702
 397.4 -42.1461
 397.6 -42.122
 397.8 -42.0979
 398 -42.0738
 398.2 -42.0496
 398.4 -42.0255
 398.6 -42.0012
 398.8 -41.977
 399 -41.9527
 399.2 -41.9284
 399.4 -41.9041
 399.6 -41.8797
 399.8 -41.8552
 400 -41.8307
 400.2 -41.8062
 400.4 -41.7816
 400.6 -41.757
 400.8 -41.7323
 401 -41.7075
 401.2 -41.6827
 401.4 -41.6577
 401.6 -41.6328
 401.8 -41.6077
 402 -41.5825
 402.2 -41.5573
 402.4 -41.532
 402.6 -41.5066
 402.8 -41.481
 403 -41.4554
 403.2 -41.4297
 403.4 -41.4038
 403.6 -41.3778
 403.8 -41.3517
 404 -41.3255
 404.2 -41.2992
 404.4 -41.2726
 404.6 -41.246
 404.8 -41.2192
 405 -41.1922
 405.2 -41.165
 405.4 -41.1377
 405.6 -41.1102
 405.8 -41.0825
 406 -41.0545
 406.2 -41.0264
 406.4 -40.9981
 406.6 -40.9695
 406.8 -40.9406
 407 -40.9116
 407.2 -40.8822
 407.4 -40.8526
 407.6 -40.8227
 407.8 -40.7924
 408 -40.7619
 408.2 -40.731
 408.4 -40.6998
 408.6 -40.6682
 408.8 -40.6362
 409 -40.6038
 409.2 -40.571
 409.4 -40.5377
 409.6 -40.504
 409.8 -40.4697
 410 -40.435
 410.2 -40.3996
 410.4 -40.3637
 410.6 -40.3272
 410.8 -40.2901
 411 -40.2522
 411.2 -40.2136
 411.4 -40.1742
 411.6 -40.134
 411.8 -40.0929
 412 -40.0509
 412.2 -40.0078
 412.4 -39.9637
 412.6 -39.9185
 412.8 -39.8719
 413 -39.8241
 413.2 -39.7748
 413.4 -39.724
 413.6 -39.6714
 413.8 -39.6171
 414 -39.5607
 414.2 -39.5022
 414.4 -39.4412
 414.6 -39.3776
 414.8 -39.3111
 415 -39.2413
 415.2 -39.1678
 415.4 -39.0903
 415.6 -39.0081
 415.8 -38.9207
 416 -38.8272
 416.2 -38.7268
 416.4 -38.6181
 416.6 -38.4999
 416.8 -38.3701
 417 -38.2263
 417.2 -38.0653
 417.4 -37.8825
 417.6 -37.6716
 417.8 -37.4232
 418 -37.1232
 418.2 -36.7481
 418.4 -36.2568
 418.6 -35.5686
 418.8 -34.5004
 419 -32.5334
 419.2 -27.5937
 419.4 -8.27415
 419.6 18.5351
 419.8 18.0524
 420 8.73798
 420.2 -1.94421
 420.4 -11.1653
 420.6 -18.3862
 420.8 -24.189
 421 -29.063
 421.2 -32.8752
 421.4 -35.7161
 421.6 -37.8575
 421.8 -39.4935
 422 -40.7625
 422.2 -41.7639
 422.4 -42.5668
 422.6 -43.2198
 422.8 -43.7585
 423 -44.2092
 423.2 -44.5916
 423.4 -44.9205
 423.6 -45.2071
 423.8 -45.4596
 424 -45.6846
 424.2 -45.8866
 424.4 -46.0694
 424.6 -46.2357
 424.8 -46.3877
 425 -46.5272
 425.2 -46.6555
 425.4 -46.7737
 425.6 -46.8828
 425.8 -46.9835
 426 -47.0765
 426.2 -47.1623
 426.4 -47.2416
 426.6 -47.3147
 426.8 -47.3821
 427 -47.4441
 427.2 -47.501
 427.4 -47.5533
 427.6 -47.601
 427.8 -47.6446
 428 -47.6843
 428.2 -47.7202
 428.4 -47.7527
 428.6 -47.7819
 428.8 -47.8079
 429 -47.831
 429.2 -47.8513
 429.4 -47.869
 429.6 -47.8842
 429.8 -47.8971
 430 -47.9077
 430.2 -47.9163
 430.4 -47.9228
 430.6 -47.9274
 430.8 -47.9302
 431 -47.9313
 431.2 -47.9308
 431.4 -47.9288
 431.6 -47.9253
 431.8 -47.9204
 432 -47.9142
 432.2 -47.9067
 432.4 -47.8981
 432.6 -47.8883
 432.8 -47.8774
 433 -47.8655
 433.2 -47.8526
 433.4 -47.8388
 433.6 -47.8241
 433.8 -47.8086
 434 -47.7923
 434.2 -47.7752
 434.4 -47.7573
 434.6 -47.7388
 434.8 -47.7197
 435 -47.6999
 435.2 -47.6795
 435.4 -47.6585
 435.6 -47.637
 435.8 -47.615
 436 -47.5925
 436.2 -47.5696
 436.4 -47.5462
 436.6 -47.5224
 436.8 -47.4982
 437 -47.4736
 437.2 -47.4487
 437.4 -47.4234
 437.6 -47.3978
 437.8 -47.3719
 438 -47.3457
 438.2 -47.3192
 438.4 -47.2925
 438.6 -47.2656
 438.8 -47.2384
 439 -47.211
 439.2 -47.1834
 439.4 -47.1556
 439.6 -47.1276
 439.8 -47.0995
 440 -47.0712
 440.2 -47.0428
 440.4 -47.0142
 440.6 -46.9855
 440.8 -46.9567
 441 -46.9277
 441.2 -46.8987
 441.4 -46.8696
 441.6 -46.8404
 441.8 -46.8111
 442 -46.7817
 442.2 -46.7523
 442.4 -46.7228
 442.6 -46.6933
 442.8 -46.6637
 443 -46.6341
 443.2 -46.6045
 443.4 -46.5748
 443.6 -46.5451
 443.8 -46.5154
 444 -46.4857
 444.2 -46.4559
 444.4 -46.4262
 444.6 -46.3964
 444.8 -46.3667
 445 -46.337
 445.2 -46.3073
 445.4 -46.2776
 445.6 -46.2479
 445.8 -46.2182
 446 -46.1886
 446.2 -46.159
 446.4 -46.1294
 446.6 -46.0999
 446.8 -46.0704
 447 -46.0409
 447.2 -46.0115
 447.4 -45.9821
 447.6 -45.9528
 447.8 -45.9235
 448 -45.8943
 448.2 -45.8651
 448.4 -45.836
 448.6 -45.8069
 448.8 -45.7779
 449 -45.7489
 449.2 -45.72
 449.4 -45.6912
 449.6 -45.6624
 449.8 -45.6337
 450 -45.6051
 450.2 -45.5765
 450.4 -45.548
 450.6 -45.5196
 450.8 -45.4912
 451 -45.463
 451.2 -45.4348
 451.4 -45.4066
 451.6 -45.3786
 451.8 -45.3506
 452 -45.3227
 452.2 -45.2948
 452.4 -45.2671
 452.6 -45.2394
 452.8 -45.2118
 453 -45.1843
 453.2 -45.1568
 453.4 -45.1295
 453.6 -45.1022
 453.8 -45.075
 454 -45.0479
 454.2 -45.0208
 454.4 -44.9939
 454.6 -44.967
 454.8 -44.9402
 455 -44.9135
 455.2 -44.8869
 455.4 -44.8603
 455.6 -44.8339
 455.8 -44.8075
 456 -44.7812
 456.2 -44.755
 456.4 -44.7288
 456.6 -44.7028
 456.8 -44.6768
 457 -44.651
 457.2 -44.6252
 457.4 -44.5994
 457.6 -44.5738
 457.8 -44.5483
 458 -44.5228
 458.2 -44.4974
 458.4 -44.4721
 458.6 -44.4469
 458.8 -44.4217
 459 -44.3967
 459.2 -44.3717
 459.4 -44.3468
 459.6 -44.322
 459.8 -44.2972
 460 -44.2726
 460.2 -44.248
 460.4 -44.2235
 460.6 -44.199
 460.8 -44.1747
 461 -44.1504
 461.2 -44.1262
 461.4 -44.1021
 461.6 -44.0781
 461.8 -44.0541
 462 -44.0302
 462.2 -44.0064
 462.4 -43.9827
 462.6 -43.959
 462.8 -43.9354
 463 -43.9119
 463.2 -43.8884
 463.4 -43.8651
 463.6 -43.8418
 463.8 -43.8185
 464 -43.7954
 464.2 -43.7723
 464.4 -43.7493
 464.6 -43.7263
 464.8 -43.7034
 465 -43.6806
 465.2 -43.6578
 465.4 -43.6352
 465.6 -43.6125
 465.8 -43.59
 466 -43.5675
 466.2 -43.5451
 466.4 -43.5227
 466.6 -43.5004
 466.8 -43.4782
 467 -43.456
 467.2 -43.4339
 467.4 -43.4118
 467.6 -43.3898
 467.8 -43.3679
 468 -43.346
 468.2 -43.3242
 468.4 -43.3024
 468.6 -43.2807
 468.8 -43.259
 469 -43.2374
 469.2 -43.2158
 469.4 -43.1943
 469.6 -43.1729
 469.8 -43.1515
 470 -43.1302
 470.2 -43.1089
 470.4 -43.0876
 470.6 -43.0664
 470.8 -43.0453
 471 -43.0241
 471.2 -43.0031
 471.4 -42.9821
 471.6 -42.9611
 471.8 -42.9402
 472 -42.9193
 472.2 -42.8984
 472.4 -42.8776
 472.6 -42.8569
 472.8 -42.8361
 473 -42.8154
 473.2 -42.7948
 473.4 -42.7742
 473.6 -42.7536
 473.8 -42.733
 474 -42.7125
 474.2 -42.692
 474.4 -42.6716
 474.6 -42.6512
 474.8 -42.6308
 475 -42.6104
 475.2 -42.5901
 475.4 -42.5698
 475.6 -42.5495
 475.8 -42.5292
 476 -42.509
 476.2 -42.4888
 476.4 -42.4686
 476.6 -42.4484
 476.8 -42.4283
 477 -42.4081
 477.2 -42.388
 477.4 -42.3679
 477.6 -42.3478
 477.8 -42.3277
 478 -42.3077
 478.2 -42.2876
 478.4 -42.2676
 478.6 -42.2476
 478.8 -42.2275
 479 -42.2075
 479.2 -42.1875
 479.4 -42.1675
 479.6 -42.1475
 479.8 -42.1275
 480 -42.1075
 480.2 -42.0875
 480.4 -42.0674
 480.6 -42.0474
 480.8 -42.0274
 481 -42.0074
 481.2 -41.9873
 481.4 -41.9673
 481.6 -41.9472
 481.8 -41.9271
 482 -41.907
 482.2 -41.8869
 482.4 -41.8668
 482.6 -41.8466
 482.8 -41.8264
 483 -41.8062
 483.2 -41.786
 483.4 -41.7657
 483.6 -41.7454
 483.8 -41.7251
 484 -41.7048
 484.2 -41.6844
 484.4 -41.6639
 484.6 -41.6434
 484.8 -41.6229
 485 -41.6024
 485.2 -41.5817
 485.4 -41.5611
 485.6 -41.5404
 485.8 -41.5196
 486 -41.4987
 486.2 -41.4778
 486.4 -41.4569
 486.6 -41.4358
 486.8 -41.4147
 487 -41.3936
 487.2 -41.3723
 487.4 -41.351
 487.6 -41.3296
 487.8 -41.308
 488 -41.2864
 488.2 -41.2648
 488.4 -41.243
 488.6 -41.2211
 488.8 -41.1991
 489 -41.1769
 489.2 -41.1547
 489.4 -41.1324
 489.6 -41.1099
 489.8 -41.0873
 490 -41.0645
 490.2 -41.0416
 490.4 -41.0186
 490.6 -40.9954
 490.8 -40.972
 491 -40.9485
 491.2 -40.9248
 491.4 -40.9009
 491.6 -40.8768
 491.8 -40.8526
 492 -40.8281
 492.2 -40.8034
 492.4 -40.7785
 492.6 -40.7534
 492.8 -40.728
 493 -40.7024
 493.2 -40.6765
 493.4 -40.6503
 493.6 -40.6238
 493.8 -40.5971
 494 -40.57
 494.2 -40.5426
 494.4 -40.5149
 494.6 -40.4868
 494.8 -40.4583
 495 -40.4294
 495.2 -40.4001
 495.4 -40.3704
 495.6 -40.3402
 495.8 -40.3095
 496 -40.2784
 496.2 -40.2467
 496.4 -40.2144
 496.6 -40.1815
 496.8 -40.1481
 497 -40.1139
 497.2 -40.0791
 497.4 -40.0435
 497.6 -40.0071
 497.8 -39.9698
 498 -39.9317
 498.2 -39.8926
 498.4 -39.8525
 498.6 -39.8113
 498.8 -39.769
 499 -39.7253
 499.2 -39.6803
 499.4 -39.6339
 499.6 -39.5858
 499.8 -39.5361
 500 -39.4844
 500.2 -39.4307
 500.4 -39.3748
 500.6 -39.3164
 500.8 -39.2553
 501 -39.1912
 501.2 -39.1238
 501.4 -39.0525
 501.6 -38.9771
 501.8 -38.8969
 502 -38.8111
 502.2 -38.7191
 502.4 -38.6198
 502.6 -38.5119
 502.8 -38.3939
 503 -38.2637
 503.2 -38.1186
 503.4 -37.955
 503.6 -37.7679
 503.8 -37.5501
 504 -37.2912
 504.2 -36.9744
 504.4 -36.5721
 504.6 -36.0341
 504.8 -35.2576
 505 -33.9957
 505.2 -31.4805
 505.4 -24.2128
 505.6 3.65223
 505.8 19.4714
 506 15.4434
 506.2 5.40971
 506.4 -4.85229
 506.6 -13.4046
 506.8 -20.0926
 507 -25.5688
 507.2 -30.1098
 507.4 -33.5716
 507.6 -36.1601
 507.8 -38.1319
 508 -39.6549
 508.2 -40.8471
 508.4 -41.7934
 508.6 -42.555
 508.8 -43.1764
 509 -43.6905
 509.2 -44.122
 509.4 -44.4896
 509.6 -44.8071
 509.8 -45.0849
 510 -45.3307
 510.2 -45.5505
 510.4 -45.7487
 510.6 -45.9287
 510.8 -46.093
 511 -46.2437
 511.2 -46.3825
 511.4 -46.5105
 511.6 -46.6288
 511.8 -46.7383
 512 -46.8398
 512.2 -46.9339
 512.4 -47.021
 512.6 -47.1018
 512.8 -47.1766
 513 -47.2458
 513.2 -47.3098
 513.4 -47.3689
 513.6 -47.4234
 513.8 -47.4736
 514 -47.5197
 514.2 -47.562
 514.4 -47.6007
 514.6 -47.6359
 514.8 -47.6679
 515 -47.6969
 515.2 -47.723
 515.4 -47.7464
 515.6 -47.7672
 515.8 -47.7856
 516 -47.8016
 516.2 -47.8155
 516.4 -47.8273
 516.6 -47.8371
 516.8 -47.845
 517 -47.8512
 517.2 -47.8557
 517.4 -47.8585
 517.6 -47.8599
 517.8 -47.8598
 518 -47.8583
 518.2 -47.8555
 518.4 -47.8515
 518.6 -47.8462
 518.8 -47.8399
 519 -47.8324
 519.2 -47.8239
 519.4 -47.8145
 519.6 -47.8041
 519.8 -47.7928
 520 -47.7807
 520.2 -47.7677
 520.4 -47.754
 520.6 -47.7396
 520.8 -47.7244
 521 -47.7086
 521.2 -47.6921
 521.4 -47.675
 521.6 -47.6574
 521.8 -47.6392
 522 -47.6205
 522.2 -47.6012
 522.4 -47.5815
 522.6 -47.5614
 522.8 -47.5408
 523 -47.5197
 523.2 -47.4983
 523.4 -47.4766
 523.6 -47.4544
 523.8 -47.4319
 524 -47.4091
 524.2 -47.386
 524.4 -47.3626
 524.6 -47.339
 524.8 -47.315
 525 -47.2909
 525.2 -47.2664
 525.4 -47.2418
 525.6 -47.217
 525.8 -47.1919
 526 -47.1667
 526.2 -47.1413
 526.4 -47.1157
 526.6 -47.09
 526.8 -47.0641
 527 -47.0381
 527.2 -47.0119
 527.4 -46.9857
 527.6 -46.9593
 527.8 -46.9328
 528 -46.9062
 528.2 -46.8795
 528.4 -46.8528
 528.6 -46.826
 528.8 -46.7991
 529 -46.7721
 529.2 -46.7451
 529.4 -46.718
 529.6 -46.6909
 529.8 -46.6637
 530 -46.6365
 530.2 -46.6093
 530.4 -46.582
 530.6 -46.5548
 530.8 -46.5275
 531 -46.5002
 531.2 -46.4729
 531.4 -46.4455
 531.6 -46.4182
 531.8 -46.3909
 532 -46.3636
 532.2 -46.3363
 532.4 -46.309
 532.6 -46.2817
 532.8 -46.2545
 533 -46.2273
 533.2 -46.2
 533.4 -46.1729
 533.6 -46.1457
 533.8 -46.1186
 534 -46.0915
 534.2 -46.0645
 534.4 -46.0375
 534.6 -46.0105
 534.8 -45.9836
 535 -45.9567
 535.2 -45.9298
 535.4 -45.9031
 535.6 -45.8763
 535.8 -45.8496
 536 -45.823
 536.2 -45.7964
 536.4 -45.7699
 536.6 -45.7435
 536.8 -45.7171
 537 -45.6907
 537.2 -45.6644
 537.4 -45.6382
 537.6 -45.6121
 537.8 -45.586
 538 -45.56
 538.2 -45.534
 538.4 -45.5081
 538.6 -45.4823
 538.8 -45.4566
 539 -45.4309
 539.2 -45.4053
 539.4 -45.3797
 539.6 -45.3543
 539.8 -45.3289
 540 -45.3036
 540.2 -45.2783
 540.4 -45.2531
 540.6 -45.228
 540.8 -45.203
 541 -45.1781
 541.2 -45.1532
 541.4 -45.1284
 541.6 -45.1037
 541.8 -45.0791
 542 -45.0545
 542.2 -45.03
 542.4 -45.0056
 542.6 -44.9813
 542.8 -44.9571
 543 -44.9329
 543.2 -44.9088
 543.4 -44.8848
 543.6 -44.8609
 543.8 -44.837
 544 -44.8132
 544.2 -44.7895
 544.4 -44.7659
 544.6 -44.7424
 544.8 -44.7189
 545 -44.6955
 545.2 -44.6722
 545.4 -44.649
 545.6 -44.6259
 545.8 -44.6028
 546 -44.5798
 546.2 -44.5569
 546.4 -44.5341
 546.6 -44.5113
 546.8 -44.4887
 547 -44.4661
 547.2 -44.4436
 547.4 -44.4211
 547.6 -44.3987
 547.8 -44.3765
 548 -44.3543
 548.2 -44.3321
 548.4 -44.3101
 548.6 -44.2881
 548.8 -44.2662
 549 -44.2443
 549.2 -44.2226
 549.4 -44.2009
 549.6 -44.1793
 549.8 -44.1578
 550 -44.1363
 550.2 -44.1149
 550.4 -44.0936
 550.6 -44.0724
 550.8 -44.0512
 551 -44.0301
 551.2 -44.0091
 551.4 -43.9881
 551.6 -43.9673
 551.8 -43.9464
 552 -43.9257
 552.2 -43.905
 552.4 -43.8844
 552.6 -43.8639
 552.8 -43.8434
 553 -43.823
 553.2 -43.8027
 553.4 -43.7824
 553.6 -43.7622
 553.8 -43.7421
 554 -43.7221
 554.2 -43.7021
 554.4 -43.6821
 554.6 -43.6623
 554.8 -43.6424
 555 -43.6227
 555.2 -43.603
 555.4 -43.5834
 555.6 -43.5639
 555.8 -43.5444
 556 -43.5249
 556.2 -43.5056
 556.4 -43.4862
 556.6 -43.467
 556.8 -43.4478
 557 -43.4287
 557.2 -43.4096
 557.4 -43.3906
 557.6 -43.3716
 557.8 -43.3527
 558 -43.3338
 558.2 -43.315
 558.4 -43.2963
 558.6 -43.2776
 558.8 -43.259
 559 -43.2404
 559.2 -43.2219
 559.4 -43.2034
 559.6 -43.185
 559.8 -43.1666
 560 -43.1483
 560.2 -43.13
 560.4 -43.1118
 560.6 -43.0936
 560.8 -43.0755
 561 -43.0574
 561.2 -43.0394
 561.4 -43.0214
 561.6 -43.0034
 561.8 -42.9855
 562 -42.9677
 562.2 -42.9499
 562.4 -42.9321
 562.6 -42.9144
 562.8 -42.8967
 563 -42.8791
 563.2 -42.8615
 563.4 -42.844
 563.6 -42.8264
 563.8 -42.809
 564 -42.7915
 564.2 -42.7741
 564.4 -42.7568
 564.6 -42.7395
 564.8 -42.7222
 565 -42.7049
 565.2 -42.6877
 565.4 -42.6705
 565.6 -42.6534
 565.8 -42.6363
 566 -42.6192
 566.2 -42.6021
 566.4 -42.5851
 566.6 -42.5681
 566.8 -42.5512
 567 -42.5342
 567.2 -42.5173
 567.4 -42.5005
 567.6 -42.4836
 567.8 -42.4668
 568 -42.45
 568.2 -42.4332
 568.4 -42.4165
 568.6 -42.3998
 568.8 -42.3831
 569 -42.3664
 569.2 -42.3497
 569.4 -42.3331
 569.6 -42.3165
 569.8 -42.2999
 570 -42.2833
 570.2 -42.2668
 570.4 -42.2502
 570.6 -42.2337
 570.8 -42.2172
 571 -42.2007
 571.2 -42.1842
 571.4 -42.1677
 571.6 -42.1513
 571.8 -42.1348
 572 -42.1184
 572.2 -42.102
 572.4 -42.0856
 572.6 -42.0691
 572.8 -42.0527
 573 -42.0363
 573.2 -42.02
 573.4 -42.0036
 573.6 -41.9872
 573.8 -41.9708
 574 -41.9544
 574.2 -41.938
 574.4 -41.9217
 574.6 -41.9053
 574.8 -41.8889
 575 -41.8725
 575.2 -41.8561
 575.4 -41.8397
 575.6 -41.8233
 575.8 -41.8069
 576 -41.7905
 576.2 -41.774
 576.4 -41.7576
 576.6 -41.7411
 576.8 -41.7247
 577 -41.7082
 577.2 -41.6917
 577.4 -41.6751
 577.6 -41.6586
 577.8 -41.642
 578 -41.6255
 578.2 -41.6088
 578.4 -41.5922
 578.6 -41.5756
 578.8 -41.5589
 579 -41.5422
 579.2 -41.5254
 579.4 -41.5086
 579.6 -41.4918
 579.8 -41.475
 580 -41.4581
 580.2 -41.4412
 580.4 -41.4242
 580.6 -41.4072
 580.8 -41.3902
 581 -41.3731
 581.2 -41.356
 581.4 -41.3388
 581.6 -41.3215
 581.8 -41.3042
 582 -41.2869
 582.2 -41.2695
 582.4 -41.252
 582.6 -41.2344
 582.8 -41.2168
 583 -41.1992
 583.2 -41.1814
 583.4 -41.1636
 583.6 -41.1457
 583.8 -41.1277
 584 -41.1097
 584.2 -41.0915
 584.4 -41.0733
 584.6 -41.055
 584.8 -41.0366
 585 -41.018
 585.2 -40.9994
 585.4 -40.9807
 585.6 -40.9619
 585.8 -40.9429
 586 -40.9239
 586.2 -40.9047
 586.4 -40.8853
 586.6 -40.8659
 586.8 -40.8463
 587 -40.8266
 587.2 -40.8067
 587.4 -40.7867
 587.6 -40.7665
 587.8 -40.7461
 588 -40.7256
 588.2 -40.7049
 588.4 -40.6841
 588.6 -40.663
 588.8 -40.6417
 589 -40.6202
 589.2 -40.5985
 589.4 -40.5766
 589.6 -40.5545
 589.8 -40.5321
 590 -40.5095
 590.2 -40.4866
 590.4 -40.4634
 590.6 -40.4399
 590.8 -40.4162
 591 -40.3921
 591.2 -40.3677
 591.4 -40.343
 591.6 -40.3179
 591.8 -40.2925
 592 -40.2667
 592.2 -40.2404
 592.4 -40.2137
 592.6 -40.1866
 592.8 -40.159
 593 -40.131
 593.2 -40.1024
 593.4 -40.0732
 593.6 -40.0435
 593.8 -40.0132
 594 -39.9822
 594.2 -39.9505
 594.4 -39.9182
 594.6 -39.885
 594.8 -39.8511
 595 -39.8162
 595.2 -39.7805
 595.4 -39.7438
 595.6 -39.706
 595.8 -39.6671
 596 -39.627
 596.2 -39.5855
 596.4 -39.5427
 596.6 -39.4984
 596.8 -39.4524
 597 -39.4046
 597.2 -39.3549
 597.4 -39.303
 597.6 -39.2489
 597.8 -39.1921
 598 -39.1325
 598.2 -39.0697
 598.4 -39.0033
 598.6 -38.933
 598.8 -38.8582
 599 -38.7783
 599.2 -38.6925
 599.4 -38.5999
 599.6 -38.4995
 599.8 -38.3897
 600 -38.2687
 600.2 -38.1343
 600.4 -37.9832
 600.6 -37.8113
 600.8 -37.6124
 601 -37.3779
 601.2 -37.0944
 601.4 -36.7403
 601.6 -36.2782
 601.8 -35.6359
 602 -34.6543
 602.2 -32.9013
 602.4 -28.7622
 602.6 -13.4603
 602.8 16.9832
 603 18.8213
 603.2 10.3916
 603.4 -0.170226
 603.6 -9.56902
 603.8 -17.0285
 604 -22.9657
 604.2 -27.9329
 604.4 -31.8803
 604.6 -34.8234
 604.8 -37.0456
 605 -38.7556
 605.2 -40.0895
 605.4 -41.1433
 605.6 -41.986
 605.8 -42.6682
 606 -43.2277
 606.2 -43.6928
 606.4 -44.085
 606.6 -44.4203
 606.8 -44.7109
 607 -44.966
 607.2 -45.1923
 607.4 -45.3949
 607.6 -45.5779
 607.8 -45.7442
 608 -45.896
 608.2 -46.0353
 608.4 -46.1635
 608.6 -46.2817
 608.8 -46.3908
 609 -46.4918
 609.2 -46.5851
 609.4 -46.6716
 609.6 -46.7516
 609.8 -46.8256
 610 -46.894
 610.2 -46.9572
 610.4 -47.0155
 610.6 -47.0692
 610.8 -47.1186
 611 -47.164
 611.2 -47.2056
 611.4 -47.2436
 611.6 -47.2782
 611.8 -47.3097
 612 -47.3382
 612.2 -47.3638
 612.4 -47.3868
 612.6 -47.4073
 612.8 -47.4254
 613 -47.4413
 613.2 -47.455
 613.4 -47.4667
 613.6 -47.4765
 613.8 -47.4845
 614 -47.4908
 614.2 -47.4955
 614.4 -47.4986
 614.6 -47.5003
 614.8 -47.5006
 615 -47.4996
 615.2 -47.4973
 615.4 -47.4939
 615.6 -47.4893
 615.8 -47.4837
 616 -47.477
 616.2 -47.4694
 616.4 -47.4609
 616.6 -47.4515
 616.8 -47.4413
 617 -47.4303
 617.2 -47.4185
 617.4 -47.4061
 617.6 -47.3929
 617.8 -47.3791
 618 -47.3647
 618.2 -47.3498
 618.4 -47.3342
 618.6 -47.3182
 618.8 -47.3016
 619 -47.2846
 619.2 -47.2671
 619.4 -47.2492
 619.6 -47.2308
 619.8 -47.2121
 620 -47.1931
 620.2 -47.1736
 620.4 -47.1539
 620.6 -47.1338
 620.8 -47.1134
 621 -47.0928
 621.2 -47.0719
 621.4 -47.0507
 621.6 -47.0293
 621.8 -47.0076
 622 -46.9858
 622.2 -46.9637
 622.4 -46.9415
 622.6 -46.9191
 622.8 -46.8965
 623 -46.8737
 623.2 -46.8508
 623.4 -46.8278
 623.6 -46.8046
 623.8 -46.7814
 624 -46.7579
 624.2 -46.7344
 624.4 -46.7108
 624.6 -46.6871
 624.8 -46.6634
 625 -46.6395
 625.2 -46.6156
 625.4 -46.5916
 625.6 -46.5675
 625.8 -46.5434
 626 -46.5192
 626.2 -46.495
 626.4 -46.4708
 626.6 -46.4465
 626.8 -46.4222
 627 -46.3979
 627.2 -46.3735
 627.4 -46.3492
 627.6 -46.3248
 627.8 -46.3004
 628 -46.276
 628.2 -46.2516
 628.4 -46.2273
 628.6 -46.2029
 628.8 -46.1785
 629 -46.1541
 629.2 -46.1298
 629.4 -46.1055
 629.6 -46.0812
 629.8 -46.0569
 630 -46.0326
 630.2 -46.0084
 630.4 -45.9841
 630.6 -45.96
 630.8 -45.9358
 631 -45.9117
 631.2 -45.8876
 631.4 -45.8636
 631.6 -45.8396
 631.8 -45.8157
 632 -45.7917
 632.2 -45.7679
 632.4 -45.7441
 632.6 -45.7203
 632.8 -45.6966
 633 -45.6729
 633.2 -45.6493
 633.4 -45.6257
 633.6 -45.6022
 633.8 -45.5788
 634 -45.5554
 634.2 -45.532
 634.4 -45.5087
 634.6 -45.4855
 634.8 -45.4624
 635 -45.4393
 635.2 -45.4162
 635.4 -45.3932
 635.6 -45.3703
 635.8 -45.3475
 636 -45.3247
 636.2 -45.302
 636.4 -45.2793
 636.6 -45.2567
 636.8 -45.2342
 637 -45.2117
 637.2 -45.1893
 637.4 -45.167
 637.6 -45.1448
 637.8 -45.1226
 638 -45.1005
 638.2 -45.0784
 638.4 -45.0564
 638.6 -45.0345
 638.8 -45.0127
 639 -44.9909
 639.2 -44.9692
 639.4 -44.9476
 639.6 -44.926
 639.8 -44.9046
 640 -44.8831
 640.2 -44.8618
 640.4 -44.8405
 640.6 -44.8193
 640.8 -44.7982
 641 -44.7772
 641.2 -44.7562
 641.4 -44.7353
 641.6 -44.7144
 641.8 -44.6937
 642 -44.673
 642.2 -44.6523
 642.4 -44.6318
 642.6 -44.6113
 642.8 -44.5909
 643 -44.5705
 643.2 -44.5503
 643.4 -44.5301
 643.6 -44.51
 643.8 -44.4899
 644 -44.4699
 644.2 -44.45
 644.4 -44.4302
 644.6 -44.4104
 644.8 -44.3907
 645 -44.3711
 645.2 -44.3515
 645.4 -44.332
 645.6 -44.3126
 645.8 -44.2933
 646 -44.274
 646.2 -44.2548
 646.4 -44.2356
 646.6 -44.2165
 646.8 -44.1975
 647 -44.1786
 647.2 -44.1597
 647.4 -44.1409
 647.6 -44.1222
 647.8 -44.1035
 648 -44.0849
 648.2 -44.0664
 648.4 -44.0479
 648.6 -44.0295
 648.8 -44.0112
 649 -43.9929
 649.2 -43.9747
 649.4 -43.9565
 649.6 -43.9385
 649.8 -43.9204
 650 -43.9025
 650.2 -43.8846
 650.4 -43.8668
 650.6 -43.849
 650.8 -43.8313
 651 -43.8137
 651.2 -43.7961
 651.4 -43.7786
 651.6 -43.7611
 651.8 -43.7438
 652 -43.7264
 652.2 -43.7092
 652.4 -43.6919
 652.6 -43.6748
 652.8 -43.6577
 653 -43.6407
 653.2 -43.6237
 653.4 -43.6068
 653.6 -43.5899
 653.8 -43.5731
 654 -43.5564
 654.2 -43.5397
 654.4 -43.5231
 654.6 -43.5065
 654.8 -43.49
 655 -43.4735
 655.2 -43.4571
 655.4 -43.4407
 655.6 -43.4244
 655.8 -43.4082
 656 -43.392
 656.2 -43.3758
 656.4 -43.3598
 656.6 -43.3437
 656.8 -43.3277
 657 -43.3118
 657.2 -43.2959
 657.4 -43.2801
 657.6 -43.2643
 657.8 -43.2486
 658 -43.2329
 658.2 -43.2173
 658.4 -43.2017
 658.6 -43.1861
 658.8 -43.1706
 659 -43.1552
 659.2 -43.1398
 659.4 -43.1245
 659.6 -43.1092
 659.8 -43.0939
 660 -43.0787
 660.2 -43.0635
 660.4 -43.0484
 660.6 -43.0333
 660.8 -43.0183
 661 -43.0033
 661.2 -42.9884
 661.4 -42.9735
 661.6 -42.9586
 661.8 -42.9438
 662 -42.929
 662.2 -42.9143
 662.4 -42.8996
 662.6 -42.8849
 662.8 -42.8703
 663 -42.8557
 663.2 -42.8412
 663.4 -42.8267
 663.6 -42.8122
 663.8 -42.7978
 664 -42.7834
 664.2 -42.7691
 664.4 -42.7548
 664.6 -42.7405
 664.8 -42.7263
 665 -42.7121
 665.2 -42.6979
 665.4 -42.6838
 665.6 -42.6697
 665.8 -42.6556
 666 -42.6416
 666.2 -42.6276
 666.4 -42.6136
 666.6 -42.5997
 666.8 -42.5858
 667 -42.5719
 667.2 -42.558
 667.4 -42.5442
 667.6 -42.5305
 667.8 -42.5167
 668 -42.503
 668.2 -42.4893
 668.4 -42.4756
 668.6 -42.462
 668.8 -42.4484
 669 -42.4348
 669.2 -42.4212
 669.4 -42.4077
 669.6 -42.3942
 669.8 -42.3807
 670 -42.3673
 670.2 -42.3538
 670.4 -42.3404
 670.6 -42.327
 670.8 -42.3137
 671 -42.3003
 671.2 -42.287
 671.4 -42.2737
 671.6 -42.2605
 671.8 -42.2472
 672 -42.234
 672.2 -42.2208
 672.4 -42.2076
 672.6 -42.1944
 672.8 -42.1812
 673 -42.1681
 673.2 -42.155
 673.4 -42.1419
 673.6 -42.1288
 673.8 -42.1157
 674 -42.1027
 674.2 -42.0896
 674.4 -42.0766
 674.6 -42.0636
 674.8 -42.0506
 675 -42.0376
 675.2 -42.0246
 675.4 -42.0116
 675.6 -41.9987
 675.8 -41.9858
 676 -41.9728
 676.2 -41.9599
 676.4 -41.947
 676.6 -41.9341
 676.8 -41.9212
 677 -41.9083
 677.2 -41.8954
 677.4 -41.8825
 677.6 -41.8697
 677.8 -41.8568
 678 -41.8439
 678.2 -41.8311
 678.4 -41.8182
 678.6 -41.8054
 678.8 -41.7925
 679 -41.7797
 679.2 -41.7668
 679.4 -41.754
 679.6 -41.7412
 679.8 -41.7283
 680 -41.7155
 680.2 -41.7026
 680.4 -41.6898
 680.6 -41.6769
 680.8 -41.664
 681 -41.6512
 681.2 -41.6383
 681.4 -41.6254
 681.6 -41.6125
 681.8 -41.5996
 682 -41.5867
 682.2 -41.5738
 682.4 -41.5609
 682.6 -41.5479
 682.8 -41.535
 683 -41.522
 683.2 -41.5091
 683.4 -41.4961
 683.6 -41.4831
 683.8 -41.47
 684 -41.457
 684.2 -41.4439
 684.4 -41.4309
 684.6 -41.4178
 684.8 -41.4046
 685 -41.3915
 685.2 -41.3783
 685.4 -41.3652
 685.6 -41.3519
 685.8 -41.3387
 686 -41.3254
 686.2 -41.3121
 686.4 -41.2988
 686.6 -41.2855
 686.8 -41.2721
 687 -41.2586
 687.2 -41.2452
 687.4 -41.2317
 687.6 -41.2182
 687.8 -41.2046
 688 -41.191
 688.2 -41.1773
 688.4 -41.1636
 688.6 -41.1499
 688.8 -41.1361
 689 -41.1223
 689.2 -41.1084
 689.4 -41.0945
 689.6 -41.0805
 689.8 -41.0665
 690 -41.0524
 690.2 -41.0382
 690.4 -41.024
 690.6 -41.0097
 690.8 -40.9954
 691 -40.981
 691.2 -40.9665
 691.4 -40.952
 691.6 -40.9374
 691.8 -40.9227
 692 -40.9079
 692.2 -40.8931
 692.4 -40.8782
 692.6 -40.8632
 692.8 -40.8481
 693 -40.8329
 693.2 -40.8176
 693.4 -40.8022
 693.6 -40.7868
 693.8 -40.7712
 694 -40.7555
 694.2 -40.7397
 694.4 -40.7238
 694.6 -40.7078
 694.8 -40.6917
 695 -40.6754
 695.2 -40.659
 695.4 -40.6425
 695.6 -40.6259
 695.8 -40.609
 696 -40.5921
 696.2 -40.575
 696.4 -40.5577
 696.6 -40.5403
 696.8 -40.5227
 697 -40.505
 697.2 -40.487
 697.4 -40.4689
 697.6 -40.4506
 697.8 -40.4321
 698 -40.4133
 698.2 -40.3944
 698.4 -40.3752
 698.6 -40.3558
 698.8 -40.3361
 699 -40.3162
 699.2 -40.2961
 699.4 -40.2756
 699.6 -40.2549
 699.8 -40.2339
 700 -40.2125
 700.2 -40.1909
 700.4 -40.1689
 700.6 -40.1465
 700.8 -40.1238
 701 -40.1007
 701.2 -40.0772
 701.4 -40.0533
 701.6 -40.0289
 701.8 -40.0041
 702 -39.9787
 702.2 -39.9529
 702.4 -39.9265
 702.6 -39.8995
 702.8 -39.872
 703 -39.8438
 703.2 -39.8149
 703.4 -39.7853
 703.6 -39.755
 703.8 -39.7238
 704 -39.6918
 704.2 -39.6589
 704.4 -39.625
 704.6 -39.5901
 704.8 -39.5541
 705 -39.5169
 705.2 -39.4783
 705.4 -39.4385
 705.6 -39.3971
 705.8 -39.3541
 706 -39.3093
 706.2 -39.2626
 706.4 -39.2138
 706.6 -39.1627
 706.8 -39.1091
 707 -39.0527
 707.2 -38.9932
 707.4 -38.9301
 707.6 -38.8632
 707.8 -38.7918
 708 -38.7155
 708.2 -38.6333
 708.4 -38.5445
 708.6 -38.448
 708.8 -38.3424
 709 -38.2258
 709.2 -38.096
 709.4 -37.9501
 709.6 -37.7838
 709.8 -37.5913
 710 -37.3643
 710.2 -37.0901
 710.4 -36.7481
 710.6 -36.3033
 710.8 -35.6887
 711 -34.7593
 711.2 -33.132
 711.4 -29.435
 711.6 -16.4046
 711.8 15.3621
 712 19.1427
 712.2 11.4323
 712.4 0.987113
 712.6 -8.52823
 712.8 -16.1577
 713 -22.2029
 713.2 -27.2386
 713.4 -31.2793
 713.6 -34.2949
 713.8 -36.5666
 714 -38.3188
 714.2 -39.6909
 714.4 -40.7779
 714.6 -41.6483
 714.8 -42.3528
 715 -42.9297
 715.2 -43.4083
 715.4 -43.8109
 715.6 -44.1543
 715.8 -44.4512
 716 -44.7111
 716.2 -44.9414
 716.4 -45.1473
 716.6 -45.333
 716.8 -45.5017
 717 -45.6557
 717.2 -45.797
 717.4 -45.927
 717.6 -46.047
 717.8 -46.1579
 718 -46.2605
 718.2 -46.3557
 718.4 -46.4438
 718.6 -46.5255
 718.8 -46.6013
 719 -46.6715
 719.2 -46.7365
 719.4 -46.7966
 719.6 -46.8522
 719.8 -46.9034
 720 -46.9507
 720.2 -46.9942
 720.4 -47.0342
 720.6 -47.0708
 720.8 -47.1042
 721 -47.1347
 721.2 -47.1624
 721.4 -47.1874
 721.6 -47.2099
 721.8 -47.2301
 722 -47.248
 722.2 -47.2639
 722.4 -47.2777
 722.6 -47.2896
 722.8 -47.2998
 723 -47.3082
 723.2 -47.3151
 723.4 -47.3204
 723.6 -47.3243
 723.8 -47.3268
 724 -47.328
 724.2 -47.328
 724.4 -47.3268
 724.6 -47.3245
 724.8 -47.3212
 725 -47.3168
 725.2 -47.3115
 725.4 -47.3053
 725.6 -47.2982
 725.8 -47.2903
 726 -47.2816
 726.2 -47.2722
 726.4 -47.2621
 726.6 -47.2513
 726.8 -47.2398
 727 -47.2278
 727.2 -47.2152
 727.4 -47.202
 727.6 -47.1883
 727.8 -47.1741
 728 -47.1594
 728.2 -47.1443
 728.4 -47.1288
 728.6 -47.1128
 728.8 -47.0965
 729 -47.0798
 729.2 -47.0627
 729.4 -47.0453
 729.6 -47.0276
 729.8 -47.0096
 730 -46.9913
 730.2 -46.9728
 730.4 -46.954
 730.6 -46.9349
 730.8 -46.9156
 731 -46.8961
 731.2 -46.8764
 731.4 -46.8565
 731.6 -46.8365
 731.8 -46.8162
 732 -46.7958
 732.2 -46.7752
 732.4 -46.7545
 732.6 -46.7337
 732.8 -46.7127
 733 -46.6916
 733.2 -46.6704
 733.4 -46.6491
 733.6 -46.6277
 733.8 -46.6062
 734 -46.5846
 734.2 -46.563
 734.4 -46.5412
 734.6 -46.5194
 734.8 -46.4976
 735 -46.4757
 735.2 -46.4537
 735.4 -46.4317
 735.6 -46.4097
 735.8 -46.3876
 736 -46.3655
 736.2 -46.3433
 736.4 -46.3212
 736.6 -46.299
 736.8 -46.2768
 737 -46.2546
 737.2 -46.2323
 737.4 -46.2101
 737.6 -46.1879
 737.8 -46.1656
 738 -46.1434
 738.2 -46.1212
 738.4 -46.099
 738.6 -46.0768
 738.8 -46.0546
 739 -46.0324
 739.2 -46.0103
 739.4 -45.9881
 739.6 -45.966
 739.8 -45.9439
 740 -45.9219
 740.2 -45.8999
 740.4 -45.8779
 740.6 -45.8559
 740.8 -45.834
 741 -45.8121
 741.2 -45.7902
 741.4 -45.7684
 741.6 -45.7466
 741.8 -45.7249
 742 -45.7032
 742.2 -45.6815
 742.4 -45.6599
 742.6 -45.6383
 742.8 -45.6168
 743 -45.5953
 743.2 -45.5739
 743.4 -45.5526
 743.6 -45.5312
 743.8 -45.51
 744 -45.4888
 744.2 -45.4676
 744.4 -45.4465
 744.6 -45.4255
 744.8 -45.4045
 745 -45.3835
 745.2 -45.3627
 745.4 -45.3418
 745.6 -45.3211
 745.8 -45.3004
 746 -45.2797
 746.2 -45.2592
 746.4 -45.2386
 746.6 -45.2182
 746.8 -45.1978
 747 -45.1775
 747.2 -45.1572
 747.4 -45.137
 747.6 -45.1168
 747.8 -45.0968
 748 -45.0767
 748.2 -45.0568
 748.4 -45.0369
 748.6 -45.0171
 748.8 -44.9973
 749 -44.9776
 749.2 -44.958
 749.4 -44.9384
 749.6 -44.9189
 749.8 -44.8995
 750 -44.8801
 750.2 -44.8608
 750.4 -44.8416
 750.6 -44.8224
 750.8 -44.8033
 751 -44.7843
 751.2 -44.7653
 751.4 -44.7464
 751.6 -44.7276
 751.8 -44.7088
 752 -44.6901
 752.2 -44.6715
 752.4 -44.6529
 752.6 -44.6344
 752.8 -44.616
 753 -44.5976
 753.2 -44.5793
 753.4 -44.561
 753.6 -44.5429
 753.8 -44.5248
 754 -44.5067
 754.2 -44.4887
 754.4 -44.4708
 754.6 -44.453
 754.8 -44.4352
 755 -44.4175
 755.2 -44.3999
 755.4 -44.3823
 755.6 -44.3648
 755.8 -44.3473
 756 -44.3299
 756.2 -44.3126
 756.4 -44.2953
 756.6 -44.2782
 756.8 -44.261
 757 -44.244
 757.2 -44.227
 757.4 -44.21
 757.6 -44.1931
 757.8 -44.1763
 758 -44.1596
 758.2 -44.1429
 758.4 -44.1263
 758.6 -44.1097
 758.8 -44.0932
 759 -44.0768
 759.2 -44.0604
 759.4 -44.0441
 759.6 -44.0278
 759.8 -44.0116
 760 -43.9955
 760.2 -43.9794
 760.4 -43.9634
 760.6 -43.9474
 760.8 -43.9316
 761 -43.9157
 761.2 -43.8999
 761.4 -43.8842
 761.6 -43.8686
 761.8 -43.853
 762 -43.8374
 762.2 -43.8219
 762.4 -43.8065
 762.6 -43.7912
 762.8 -43.7758
 763 -43.7606
 763.2 -43.7454
 763.4 -43.7302
 763.6 -43.7151
 763.8 -43.7001
 764 -43.6851
 764.2 -43.6702
 764.4 -43.6553
 764.6 -43.6405
 764.8 -43.6258
 765 -43.6111
 765.2 -43.5964
 765.4 -43.5818
 765.6 -43.5673
 765.8 -43.5528
 766 -43.5383
 766.2 -43.524
 766.4 -43.5096
 766.6 -43.4953
 766.8 -43.4811
 767 -43.4669
 767.2 -43.4528
 767.4 -43.4387
 767.6 -43.4247
 767.8 -43.4107
 768 -43.3967
 768.2 -43.3829
 768.4 -43.369
 768.6 -43.3552
 768.8 -43.3415
 769 -43.3278
 769.2 -43.3141
 769.4 -43.3005
 769.6 -43.287
 769.8 -43.2735
 770 -43.26
 770.2 -43.2466
 770.4 -43.2333
 770.6 -43.2199
 770.8 -43.2067
 771 -43.1934
 771.2 -43.1802
 771.4 -43.1671
 771.6 -43.154
 771.8 -43.1409
 772 -43.1279
 772.2 -43.115
 772.4 -43.102
 772.6 -43.0892
 772.8 -43.0763
 773 -43.0635
 773.2 -43.0508
 773.4 -43.038
 773.6 -43.0254
 773.8 -43.0127
 774 -43.0001
 774.2 -42.9876
 774.4 -42.9751
 774.6 -42.9626
 774.8 -42.9501
 775 -42.9378
 775.2 -42.9254
 775.4 -42.9131
 775.6 -42.9008
 775.8 -42.8885
 776 -42.8763
 776.2 -42.8642
 776.4 -42.852
 776.6 -42.8399
 776.8 -42.8279
 777 -42.8158
 777.2 -42.8038
 777.4 -42.7919
 777.6 -42.78
 777.8 -42.7681
 778 -42.7562
 778.2 -42.7444
 778.4 -42.7326
 778.6 -42.7209
 778.8 -42.7092
 779 -42.6975
 779.2 -42.6858
 779.4 -42.6742
 779.6 -42.6626
 779.8 -42.6511
 780 -42.6395
 780.2 -42.628
 780.4 -42.6166
 780.6 -42.6052
 780.8 -42.5938
 781 -42.5824
 781.2 -42.571
 781.4 -42.5597
 781.6 -42.5484
 781.8 -42.5372
 782 -42.526
 782.2 -42.5148
 782.4 -42.5036
 782.6 -42.4925
 782.8 -42.4814
 783 -42.4703
 783.2 -42.4592
 783.4 -42.4482
 783.6 -42.4372
 783.8 -42.4262
 784 -42.4152
 784.2 -42.4043
 784.4 -42.3934
 784.6 -42.3825
 784.8 -42.3717
 785 -42.3608
 785.2 -42.35
 785.4 -42.3392
 785.6 -42.3285
 785.8 -42.3178
 786 -42.307
 786.2 -42.2963
 786.4 -42.2857
 786.6 -42.275
 786.8 -42.2644
 787 -42.2538
 787.2 -42.2432
 787.4 -42.2327
 787.6 -42.2221
 787.8 -42.2116
 788 -42.2011
 788.2 -42.1906
 788.4 -42.1802
 788.6 -42.1697
 788.8 -42.1593
 789 -42.1489
 789.2 -42.1385
 789.4 -42.1281
 789.6 -42.1178
 789.8 -42.1074
 790 -42.0971
 790.2 -42.0868
 790.4 -42.0765
 790.6 -42.0663
 790.8 -42.056
 791 -42.0458
 791.2 -42.0356
 791.4 -42.0253
 791.6 -42.0151
 791.8 -42.005
 792 -41.9948
 792.2 -41.9847
 792.4 -41.9745
 792.6 -41.9644
 792.8 -41.9543
 793 -41.9442
 793.2 -41.9341
 793.4 -41.924
 793.6 -41.914
 793.8 -41.9039
 794 -41.8939
 794.2 -41.8838
 794.4 -41.8738
 794.6 -41.8638
 794.8 -41.8538
 795 -41.8438
 795.2 -41.8338
 795.4 -41.8238
 795.6 -41.8139
 795.8 -41.8039
 796 -41.7939
 796.2 -41.784
 796.4 -41.7741
 796.6 -41.7641
 796.8 -41.7542
 797 -41.7443
 797.2 -41.7344
 797.4 -41.7244
 797.6 -41.7145
 797.8 -41.7046
 798 -41.6947
 798.2 -41.6848
 798.4 -41.6749
 798.6 -41.665
 798.8 -41.6552
 799 -41.6453
 799.2 -41.6354
 799.4 -41.6255
 799.6 -41.6156
 799.8 -41.6057
 800 -43.2605
 800.2 -44.3893
 800.4 -45.2653
 800.6 -45.9884
 800.8 -46.6071
 801 -47.1496
 801.2 -47.6339
 801.4 -48.0723
 801.6 -48.4735
 801.8 -48.8442
 802 -49.1894
 802.2 -49.5129
 802.4 -49.8179
 802.6 -50.1067
 802.8 -50.3815
 803 -50.6439
 803.2 -50.8953
 803.4 -51.1368
 803.6 -51.3694
 803.8 -51.5939
 804 -51.8111
 804.2 -52.0215
 804.4 -52.2256
 804.6 -52.424
 804.8 -52.6171
 805 -52.8051
 805.2 -52.9884
 805.4 -53.1673
 805.6 -53.3421
 805.8 -53.513
 806 -53.6802
 806.2 -53.8438
 806.4 -54.0041
 806.6 -54.1612
 806.8 -54.3153
 807 -54.4665
 807.2 -54.6148
 807.4 -54.7606
 807.6 -54.9037
 807.8 -55.0444
 808 -55.1827
 808.2 -55.3188
 808.4 -55.4526
 808.6 -55.5843
 808.8 -55.714
 809 -55.8417
 809.2 -55.9674
 809.4 -56.0913
 809.6 -56.2134
 809.8 -56.3338
 810 -56.4524
 810.2 -56.5694
 810.4 -56.6848
 810.6 -56.7986
 810.8 -56.9109
 811 -57.0218
 811.2 -57.1312
 811.4 -57.2392
 811.6 -57.3458
 811.8 -57.4511
 812 -57.5551
 812.2 -57.6578
 812.4 -57.7593
 812.6 -57.8595
 812.8 -57.9586
 813 -58.0565
 813.2 -58.1533
 813.4 -58.249
 813.6 -58.3436
 813.8 -58.4371
 814 -58.5296
 814.2 -58.6211
 814.4 -58.7116
 814.6 -58.8011
 814.8 -58.8897
 815 -58.9773
 815.2 -59.064
 815.4 -59.1498
 815.6 -59.2347
 815.8 -59.3187
 816 -59.4019
 816.2 -59.4843
 816.4 -59.5658
 816.6 -59.6466
 816.8 -59.7265
 817 -59.8057
 817.2 -59.8841
 817.4 -59.9617
 817.6 -60.0386
 817.8 -60.1148
 818 -60.1903
 818.2 -60.2651
 818.4 -60.3392
 818.6 -60.4126
 818.8 -60.4854
 819 -60.5575
 819.2 -60.6289
 819.4 -60.6998
 819.6 -60.77
 819.8 -60.8396
 820 -60.9086
 820.2 -60.977
 820.4 -61.0448
 820.6 -61.112
 820.8 -61.1787
 821 -61.2448
 821.2 -61.3104
 821.4 -61.3754
 821.6 -61.4399
 821.8 -61.5038
 822 -61.5673
 822.2 -61.6302
 822.4 -61.6927
 822.6 -61.7546
 822.8 -61.8161
 823 -61.877
 823.2 -61.9375
 823.4 -61.9976
 823.6 -62.0572
 823.8 -62.1163
 824 -62.1749
 824.2 -62.2332
 824.4 -62.291
 824.6 -62.3483
 824.8 -62.4053
 825 -62.4618
 825.2 -62.5179
 825.4 -62.5736
 825.6 -62.6289
 825.8 -62.6838
 826 -62.7383
 826.2 -62.7925
 826.4 -62.8462
 826.6 -62.8996
 826.8 -62.9526
 827 -63.0052
 827.2 -63.0575
 827.4 -63.1094
 827.6 -63.161
 827.8 -63.2122
 828 -63.2631
 828.2 -63.3136
 828.4 -63.3638
 828.6 -63.4137
 828.8 -63.4632
 829 -63.5124
 829.2 -63.5613
 829.4 -63.6099
 829.6 -63.6581
 829.8 -63.7061
 830 -63.7537
 830.2 -63.8011
 830.4 -63.8481
 830.6 -63.8949
 830.8 -63.9413
 831 -63.9875
 831.2 -64.0334
 831.4 -64.079
 831.6 -64.1243
 831.8 -64.1694
 832 -64.2142
 832.2 -64.2587
 832.4 -64.3029
 832.6 -64.3469
 832.8 -64.3907
 833 -64.4341
 833.2 -64.4773
 833.4 -64.5203
 833.6 -64.563
 833.8 -64.6055
 834 -64.6477
 834.2 -64.6897
 834.4 -64.7314
 834.6 -64.7729
 834.8 -64.8142
 835 -64.8552
 835.2 -64.896
 835.4 -64.9366
 835.6 -64.977
 835.8 -65.0171
 836 -65.057
 836.2 -65.0967
 836.4 -65.1362
 836.6 -65.1755
 836.8 -65.2145
 837 -65.2534
 837.2 -65.292
 837.4 -65.3305
 837.6 -65.3687
 837.8 -65.4067
 838 -65.4446
 838.2 -65.4822
 838.4 -65.5197
 838.6 -65.5569
 838.8 -65.594
 839 -65.6308
 839.2 -65.6675
 839.4 -65.704
 839.6 -65.7403
 839.8 -65.7764
 840 -65.8124
 840.2 -65.8481
 840.4 -65.8837
 840.6 -65.9191
 840.8 -65.9543
 841 -65.9894
 841.2 -66.0243
 841.4 -66.059
 841.6 -66.0935
 841.8 -66.1279
 842 -66.1621
 842.2 -66.1962
 842.4 -66.2301
 842.6 -66.2638
 842.8 -66.2974
 843 -66.3308
 843.2 -66.364
 843.4 -66.3971
 843.6 -66.4301
 843.8 -66.4629
 844 -66.4955
 844.2 -66.528
 844.4 -66.5603
 844.6 -66.5925
 844.8 -66.6245
 845 -66.6564
 845.2 -66.6882
 845.4 -66.7198
 845.6 -66.7512
 845.8 -66.7826
 846 -66.8137
 846.2 -66.8448
 846.4 -66.8757
 846.6 -66.9065
 846.8 -66.9371
 847 -66.9676
 847.2 -66.998
 847.4 -67.0282
 847.6 -67.0583
 847.8 -67.0883
 848 -67.1181
 848.2 -67.1478
 848.4 -67.1774
 848.6 -67.2069
 848.8 -67.2362
 849 -67.2654
 849.2 -67.2945
 849.4 -67.3234
 849.6 -67.3523
 849.8 -67.381
 850 -67.4096
 850.2 -67.4381
 850.4 -67.4664
 850.6 -67.4947
 850.8 -67.5228
 851 -67.5508
 851.2 -67.5787
 851.4 -67.6065
 851.6 -67.6342
 851.8 -67.6618
 852 -67.6892
 852.2 -67.7165
 852.4 -67.7438
 852.6 -67.7709
 852.8 -67.7979
 853 -67.8248
 853.2 -67.8516
 853.4 -67.8783
 853.6 -67.9049
 853.8 -67.9314
 854 -67.9577
 854.2 -67.984
 854.4 -68.0102
 854.6 -68.0363
 854.8 -68.0622
 855 -68.0881
 855.2 -68.1139
 855.4 -68.1395
 855.6 -68.1651
 855.8 -68.1906
 856 -68.216
 856.2 -68.2412
 856.4 -68.2664
 856.6 -68.2915
 856.8 -68.3165
 857 -68.3414
 857.2 -68.3662
 857.4 -68.3909
 857.6 -68.4155
 857.8 -68.4401
 858 -68.4645
 858.2 -68.4889
 858.4 -68.5131
 858.6 -68.5373
 858.8 -68.5614
 859 -68.5854
 859.2 -68.6093
 859.4 -68.6331
 859.6 -68.6568
 859.8 -68.6805
 860 -68.7041
 860.2 -68.7275
 860.4 -68.7509
 860.6 -68.7742
 860.8 -68.7975
 861 -68.8206
 861.2 -68.8437
 861.4 -68.8667
 861.6 -68.8896
 861.8 -68.9124
 862 -68.9351
 862.2 -68.9578
 862.4 -68.9803
 862.6 -69.0028
 862.8 -69.0253
 863 -69.0476
 863.2 -69.0699
 863.4 -69.0921
 863.6 -69.1142
 863.8 -69.1362
 864 -69.1582
 864.2 -69.1801
 864.4 -69.2019
 864.6 -69.2236
 864.8 -69.2453
 865 -69.2669
 865.2 -69.2884
 865.4 -69.3098
 865.6 -69.3312
 865.8 -69.3525
 866 -69.3737
 866.2 -69.3949
 866.4 -69.416
 866.6 -69.437
 866.8 -69.4579
 867 -69.4788
 867.2 -69.4996
 867.4 -69.5204
 867.6 -69.541
 867.8 -69.5616
 868 -69.5822
 868.2 -69.6026
 868.4 -69.623
 868.6 -69.6434
 868.8 -69.6636
 869 -69.6838
 869.2 -69.704
 869.4 -69.7241
 869.6 -69.7441
 869.8 -69.764
 870 -69.7839
 870.2 -69.8037
 870.4 -69.8235
 870.6 -69.8431
 870.8 -69.8628
 871 -69.8823
 871.2 -69.9018
 871.4 -69.9213
 871.6 -69.9407
 871.8 -69.96
 872 -69.9792
 872.2 -69.9984
 872.4 -70.0176
 872.6 -70.0367
 872.8 -70.0557
 873 -70.0746
 873.2 -70.0935
 873.4 -70.1124
 873.6 -70.1312
 873.8 -70.1499
 874 -70.1685
 874.2 -70.1872
 874.4 -70.2057
 874.6 -70.2242
 874.8 -70.2426
 875 -70.261
 875.2 -70.2793
 875.4 -70.2976
 875.6 -70.3158
 875.8 -70.334
 876 -70.3521
 876.2 -70.3701
 876.4 -70.3881
 876.6 -70.4061
 876.8 -70.424
 877 -70.4418
 877.2 -70.4596
 877.4 -70.4773
 877.6 -70.495
 877.8 -70.5126
 878 -70.5302
 878.2 -70.5477
 878.4 -70.5652
 878.6 -70.5826
 878.8 -70.5999
 879 -70.6173
 879.2 -70.6345
 879.4 -70.6517
 879.6 -70.6689
 879.8 -70.686
 880 -70.7031
 880.2 -70.7201
 880.4 -70.737
 880.6 -70.7539
 880.8 -70.7708
 881 -70.7876
 881.2 -70.8044
 881.4 -70.8211
 881.6 -70.8378
 881.8 -70.8544
 882 -70.8709
 882.2 -70.8875
 882.4 -70.9039
 882.6 -70.9204
 882.8 -70.9368
 883 -70.9531
 883.2 -70.9694
 883.4 -70.9856
 883.6 -71.0018
 883.8 -71.018
 884 -71.0341
 884.2 -71.0501
 884.4 -71.0662
 884.6 -71.0821
 884.8 -71.0981
 885 -71.1139
 885.2 -71.1298
 885.4 -71.1456
 885.6 -71.1613
 885.8 -71.177
 886 -71.1927
 886.2 -71.2083
 886.4 -71.2239
 886.6 -71.2394
 886.8 -71.2549
 887 -71.2703
 887.2 -71.2857
 887.4 -71.3011
 887.6 -71.3164
 887.8 -71.3317
 888 -71.3469
 888.2 -71.3621
 888.4 -71.3773
 888.6 -71.3924
 888.8 -71.4074
 889 -71.4225
 889.2 -71.4375
 889.4 -71.4524
 889.6 -71.4673
 889.8 -71.4822
 890 -71.497
 890.2 -71.5118
 890.4 -71.5265
 890.6 -71.5412
 890.8 -71.5559
 891 -71.5705
 891.2 -71.5851
 891.4 -71.5997
 891.6 -71.6142
 891.8 -71.6286
 892 -71.6431
 892.2 -71.6575
 892.4 -71.6718
 892.6 -71.6861
 892.8 -71.7004
 893 -71.7147
 893.2 -71.7289
 893.4 -71.743
 893.6 -71.7572
 893.8 -71.7713
 894 -71.7853
 894.2 -71.7993
 894.4 -71.8133
 894.6 -71.8272
 894.8 -71.8412
 895 -71.855
 895.2 -71.8689
 895.4 -71.8827
 895.6 -71.8964
 895.8 -71.9102
 896 -71.9238
 896.2 -71.9375
 896.4 -71.9511
 896.6 -71.9647
 896.8 -71.9783
 897 -71.9918
 897.2 -72.0053
 897.4 -72.0187
 897.6 -72.0321
 897.8 -72.0455
 898 -72.0588
 898.2 -72.0721
 898.4 -72.0854
 898.6 -72.0987
 898.8 -72.1119
 899 -72.125
 899.2 -72.1382
 899.4 -72.1513
 899.6 -72.1644
 899.8 -72.1774
 900 -72.1904
 900.2 -72.2034
 900.4 -72.2163
 900.6 -72.2292
 900.8 -72.2421
 901 -72.2549
 901.2 -72.2678
 901.4 -72.2805
 901.6 -72.2933
 901.8 -72.306
 902 -72.3187
 902.2 -72.3313
 902.4 -72.344
 902.6 -72.3565
 902.8 -72.3691
 903 -72.3816
 903.2 -72.3941
 903.4 -72.4066
 903.6 -72.419
 903.8 -72.4314
 904 -72.4438
 904.2 -72.4561
 904.4 -72.4684
 904.6 -72.4807
 904.8 -72.493
 905 -72.5052
 905.2 -72.5174
 905.4 -72.5295
 905.6 -72.5417
 905.8 -72.5538
 906 -72.5658
 906.2 -72.5779
 906.4 -72.5899
 906.6 -72.6019
 906.8 -72.6138
 907 -72.6257
 907.2 -72.6376
 907.4 -72.6495
 907.6 -72.6613
 907.8 -72.6731
 908 -72.6849
 908.2 -72.6967
 908.4 -72.7084
 908.6 -72.7201
 908.8 -72.7318
 909 -72.7434
 909.2 -72.755
 909.4 -72.7666
 909.6 -72.7781
 909.8 -72.7897
 910 -72.8012
 910.2 -72.8126
 910.4 -72.8241
 910.6 -72.8355
 910.8 -72.8469
 911 -72.8582
 911.2 -72.8696
 911.4 -72.8809
 911.6 -72.8922
 911.8 -72.9034
 912 -72.9147
 912.2 -72.9259
 912.4 -72.937
 912.6 -72.9482
 912.8 -72.9593
 913 -72.9704
 913.2 -72.9815
 913.4 -72.9925
 913.6 -73.0035
 913.8 -73.0145
 914 -73.0255
 914.2 -73.0364
 914.4 -73.0473
 914.6 -73.0582
 914.8 -73.0691
 915 -73.0799
 915.2 -73.0907
 915.4 -73.1015
 915.6 -73.1123
 915.8 -73.123
 916 -73.1337
 916.2 -73.1444
 916.4 -73.1551
 916.6 -73.1657
 916.8 -73.1763
 917 -73.1869
 917.2 -73.1975
 917.4 -73.208
 917.6 -73.2185
 917.8 -73.229
 918 -73.2395
 918.2 -73.2499
 918.4 -73.2603
 918.6 -73.2707
 918.8 -73.2811
 919 -73.2914
 919.2 -73.3017
 919.4 -73.312
 919.6 -73.3223
 919.8 -73.3326
 920 -73.3428
 920.2 -73.353
 920.4 -73.3632
 920.6 -73.3733
 920.8 -73.3835
 921 -73.3936
 921.2 -73.4037
 921.4 -73.4137
 921.6 -73.4238
 921.8 -73.4338
 922 -73.4438
 922.2 -73.4537
 922.4 -73.4637
 922.6 -73.4736
 922.8 -73.4835
 923 -73.4934
 923.2 -73.5033
 923.4 -73.5131
 923.6 -73.5229
 923.8 -73.5327
 924 -73.5425
 924.2 -73.5522
 924.4 -73.562
 924.6 -73.5717
 924.8 -73.5814
 925 -73.591
 925.2 -73.6007
 925.4 -73.6103
 925.6 -73.6199
 925.8 -73.6295
 926 -73.639
 926.2 -73.6485
 926.4 -73.6581
 926.6 -73.6676
 926.8 -73.677
 927 -73.6865
 927.2 -73.6959
 927.4 -73.7053
 927.6 -73.7147
 927.8 -73.7241
 928 -73.7334
 928.2 -73.7427
 928.4 -73.752
 928.6 -73.7613
 928.8 -73.7706
 929 -73.7798
 929.2 -73.789
 929.4 -73.7982
 929.6 -73.8074
 929.8 -73.8166
 930 -73.8257
 930.2 -73.8348
 930.4 -73.8439
 930.6 -73.853
 930.8 -73.8621
 931 -73.8711
 931.2 -73.8801
 931.4 -73.8891
 931.6 -73.8981
 931.8 -73.9071
 932 -73.916
 932.2 -73.9249
 932.4 -73.9338
 932.6 -73.9427
 932.8 -73.9516
 933 -73.9604
 933.2 -73.9693
 933.4 -73.9781
 933.6 -73.9869
 933.8 -73.9956
 934 -74.0044
 934.2 -74.0131
 934.4 -74.0218
 934.6 -74.0305
 934.8 -74.0392
 935 -74.0478
 935.2 -74.0565
 935.4 -74.0651
 935.6 -74.0737
 935.8 -74.0823
 936 -74.0908
 936.2 -74.0994
 936.4 -74.1079
 936.6 -74.1164
 936.8 -74.1249
 937 -74.1334
 937.2 -74.1418
 937.4 -74.1502
 937.6 -74.1587
 937.8 -74.1671
 938 -74.1754
 938.2 -74.1838
 938.4 -74.1921
 938.6 -74.2005
 938.8 -74.2088
 939 -74.2171
 939.2 -74.2253
 939.4 -74.2336
 939.6 -74.2418
 939.8 -74.25
 940 -74.2582
 940.2 -74.2664
 940.4 -74.2746
 940.6 -74.2828
 940.8 -74.2909
 941 -74.299
 941.2 -74.3071
 941.4 -74.3152
 941.6 -74.3232
 941.8 -74.3313
 942 -74.3393
 942.2 -74.3473
 942.4 -74.3553
 942.6 -74.3633
 942.8 -74.3713
 943 -74.3792
 943.2 -74.3871
 943.4 -74.3951
 943.6 -74.403
 943.8 -74.4108
 944 -74.4187
 944.2 -74.4265
 944.4 -74.4344
 944.6 -74.4422
 944.8 -74.45
 945 -74.4578
 945.2 -74.4655
 945.4 -74.4733
 945.6 -74.481
 945.8 -74.4887
 946 -74.4964
 946.2 -74.5041
 946.4 -74.5118
 946.6 -74.5194
 946.8 -74.5271
 947 -74.5347
 947.2 -74.5423
 947.4 -74.5499
 947.6 -74.5574
 947.8 -74.565
 948 -74.5725
 948.2 -74.5801
 948.4 -74.5876
 948.6 -74.5951
 948.8 -74.6026
 949 -74.61
 949.2 -74.6175
 949.4 -74.6249
 949.6 -74.6323
 949.8 -74.6397
 950 -74.6471
 950.2 -74.6545
 950.4 -74.6618
 950.6 -74.6692
 950.8 -74.6765
 951 -74.6838
 951.2 -74.6911
 951.4 -74.6984
 951.6 -74.7056
 951.8 -74.7129
 952 -74.7201
 952.2 -74.7274
 952.4 -74.7346
 952.6 -74.7418
 952.8 -74.7489
 953 -74.7561
 953.2 -74.7632
 953.4 -74.7704
 953.6 -74.7775
 953.8 -74.7846
 954 -74.7917
 954.2 -74.7988
 954.4 -74.8058
 954.6 -74.8129
 954.8 -74.8199
 955 -74.8269
 955.2 -74.8339
 955.4 -74.8409
 955.6 -74.8479
 955.8 -74.8548
 956 -74.8618
 956.2 -74.8687
 956.4 -74.8756
 956.6 -74.8825
 956.8 -74.8894
 957 -74.8963
 957.2 -74.9032
 957.4 -74.91
 957.6 -74.9169
 957.8 -74.9237
 958 -74.9305
 958.2 -74.9373
 958.4 -74.9441
 958.6 -74.9508
 958.8 -74.9576
 959 -74.9643
 959.2 -74.971
 959.4 -74.9777
 959.6 -74.9844
 959.8 -74.9911
 960 -74.9978
 960.2 -75.0045
 960.4 -75.0111
 960.6 -75.0177
 960.8 -75.0244
 961 -75.031
 961.2 -75.0375
 961.4 -75.0441
 961.6 -75.0507
 961.8 -75.0572
 962 -75.0638
 962.2 -75.0703
 962.4 -75.0768
 962.6 -75.0833
 962.8 -75.0898
 963 -75.0963
 963.2 -75.1027
 963.4 -75.1092
 963.6 -75.1156
 963.8 -75.122
 964 -75.1285
 964.2 -75.1349
 964.4 -75.1412
 964.6 -75.1476
 964.8 -75.154
 965 -75.1603
 965.2 -75.1666
 965.4 -75.173
 965.6 -75.1793
 965.8 -75.1856
 966 -75.1919
 966.2 -75.1981
 966.4 -75.2044
 966.6 -75.2106
 966.8 -75.2169
 967 -75.2231
 967.2 -75.2293
 967.4 -75.2355
 967.6 -75.2417
 967.8 -75.2479
 968 -75.254
 968.2 -75.2602
 968.4 -75.2663
 968.6 -75.2724
 968.8 -75.2785
 969 -75.2846
 969.2 -75.2907
 969.4 -75.2968
 969.6 -75.3029
 969.8 -75.3089
 970 -75.315
 970.2 -75.321
 970.4 -75.327
 970.6 -75.333
 970.8 -75.339
 971 -75.345
 971.2 -75.3509
 971.4 -75.3569
 971.6 -75.3629
 971.8 -75.3688
 972 -75.3747
 972.2 -75.3806
 972.4 -75.3865
 972.6 -75.3924
 972.8 -75.3983
 973 -75.4042
 973.2 -75.41
 973.4 -75.4159
 973.6 -75.4217
 973.8 -75.4275
 974 -75.4333
 974.2 -75.4391
 974.4 -75.4449
 974.6 -75.4507
 974.8 -75.4564
 975 -75.4622
 975.2 -75.4679
 975.4 -75.4737
 975.6 -75.4794
 975.8 -75.4851
 976 -75.4908
 976.2 -75.4965
 976.4 -75.5021
 976.6 -75.5078
 976.8 -75.5135
 977 -75.5191
 977.2 -75.5247
 977.4 -75.5304
 977.6 -75.536
 977.8 -75.5416
 978 -75.5472
 978.2 -75.5527
 978.4 -75.5583
 978.6 -75.5639
 978.8 -75.5694
 979 -75.5749
 979.2 -75.5805
 979.4 -75.586
 979.6 -75.5915
 979.8 -75.597
 980 -75.6024
 980.2 -75.6079
 980.4 -75.6134
 980.6 -75.6188
 980.8 -75.6243
 981 -75.6297
 981.2 -75.6351
 981.4 -75.6405
 981.6 -75.6459
 981.8 -75.6513
 982 -75.6567
 982.2 -75.662
 982.4 -75.6674
 982.6 -75.6728
 982.8 -75.6781
 983 -75.6834
 983.2 -75.6887
 983.4 -75.694
 983.6 -75.6993
 983.8 -75.7046
 984 -75.7099
 984.2 -75.7152
 984.4 -75.7204
 984.6 -75.7257
 984.8 -75.7309
 985 -75.7361
 985.2 -75.7413
 985.4 -75.7465
 985.6 -75.7517
 985.8 -75.7569
 986 -75.7621
 986.2 -75.7673
 986.4 -75.7724
 986.6 -75.7776
 986.8 -75.7827
 987 -75.7878
 987.2 -75.7929
 987.4 -75.7981
 987.6 -75.8032
 987.8 -75.8082
 988 -75.8133
 988.2 -75.8184
 988.4 -75.8234
 988.6 -75.8285
 988.8 -75.8335
 989 -75.8386
 989.2 -75.8436
 989.4 -75.8486
 989.6 -75.8536
 989.8 -75.8586
 990 -75.8636
 990.2 -75.8686
 990.4 -75.8735
 990.6 -75.8785
 990.8 -75.8834
 991 -75.8884
 991.2 -75.8933
 991.4 -75.8982
 991.6 -75.9031
 991.8 -75.908
 992 -75.9129
 992.2 -75.9178
 992.4 -75.9227
 992.6 -75.9275
 992.8 -75.9324
 993 -75.9372
 993.2 -75.9421
 993.4 -75.9469
 993.6 -75.9517
 993.8 -75.9565
 994 -75.9613
 994.2 -75.9661
 994.4 -75.9709
 994.6 -75.9757
 994.8 -75.9804
 995 -75.9852
 995.2 -75.9899
 995.4 -75.9947
 995.6 -75.9994
 995.8 -76.0041
 996 -76.0088
 996.2 -76.0135
 996.4 -76.0182
 996.6 -76.0229
 996.8 -76.0276
 997 -76.0322
 997.2 -76.0369
 997.4 -76.0416
 997.6 -76.0462
 997.8 -76.0508
 998 -76.0555
 998.2 -76.0601
 998.4 -76.0647
 998.6 -76.0693
 998.8 -76.0739
 999 -76.0784
 999.2 -76.083
 999.4 -76.0876
 999.6 -76.0921
 999.8 -76.0967
