array('d', [0.9664870821564466, 0.4412918665761773, 1.741655535800132e-05]) ; (0.015193159686149092, 0.896551724137931, 0.017013232514177693, 0.04600487650578894)
array('d', [0.23757296558775465, 0.031783207704883354, 0.0007908849900639207]) ; (0.009030343058324649, 0.11290322580645161, 0.53598258813494, 0.17495601997200536)
array('d', [0.23757296558775465, 0.031783207704883354, 0.0007908849900639207]) ; (0.009030343058324649, 0.11290322580645161, 0.53598258813494, 0.17495601997200536)
array('d', [0.23757296558775465, 0.031783207704883354, 0.0007908849900639207]) ; (0.009030343058324649, 0.11290322580645161, 0.53598258813494, 0.17495601997200536)
array('d', [0.14940608406957928, 0.1839075567625217, 0.00012326883999180078]) ; (0.013485936229741141, 0.896551724137931, 0.09262759924385634, 0.009176762198673824)
array('d', [0.23757296558775465, 0.031783207704883354, 0.0007908849900639207]) ; (0.009030343058324649, 0.11290322580645161, 0.53598258813494, 0.17495601997200536)
array('d', [0.14940608406957928, 0.1839075567625217, 0.00012326883999180078]) ; (0.013485936229741141, 0.896551724137931, 0.09262759924385634, 0.009176762198673824)
array('d', [0.23757296558775465, 0.031783207704883354, 0.0007908849900639207]) ; (0.009030343058324649, 0.11290322580645161, 0.53598258813494, 0.17495601997200536)
array('d', [0.6018619861114904, 0.08983990116067166, 0.0005832126593254929]) ; (0.011793674095583585, 0.05172413793103448, 0.6725903422886834, 0.21351181174211248)
array('d', [0.6718919180064971, 0.08485428861024688, 0.0007688161234638784]) ; (0.010906817863552536, 0.06779661016949153, 0.8746048284815306, 0.2236307333960454)
array('d', [0.14940608406957928, 0.1839075567625217, 0.00012326883999180078]) ; (0.013485936229741141, 0.896551724137931, 0.09262759924385634, 0.009176762198673824)
array('d', [0.6718919180064971, 0.08485428861024688, 0.0007688161234638784]) ; (0.010906817863552536, 0.06779661016949153, 0.8746048284815306, 0.2236307333960454)
array('d', [0.23757296558775465, 0.031783207704883354, 0.0007908849900639207]) ; (0.009030343058324649, 0.11290322580645161, 0.53598258813494, 0.17495601997200536)
array('d', [0.14940608406957928, 0.1839075567625217, 0.00012326883999180078]) ; (0.013485936229741141, 0.896551724137931, 0.09262759924385634, 0.009176762198673824)
array('d', [0.25781376037696935, 0.031783207704883354, 0.0007908849900639207]) ; (0.00875591238890428, 0.11290322580645161, 0.6289072876175221, 0.18433320000187192)
array('d', [0.14940608406957928, 0.1839075567625217, 0.00012326883999180078]) ; (0.013485936229741141, 0.896551724137931, 0.09262759924385634, 0.009176762198673824)
array('d', [0.14940608406957928, 0.1839075567625217, 0.00012326883999180078]) ; (0.013485936229741141, 0.896551724137931, 0.09262759924385634, 0.009176762198673824)
array('d', [0.14940608406957928, 0.1839075567625217, 0.00012326883999180078]) ; (0.013485936229741141, 0.896551724137931, 0.09262759924385634, 0.009176762198673824)
array('d', [0.23757296558775465, 0.031783207704883354, 0.0007908849900639207]) ; (0.009030343058324649, 0.11290322580645161, 0.53598258813494, 0.17495601997200536)
array('d', [0.25781376037696935, 0.031783207704883354, 0.0007908849900639207]) ; (0.00875591238890428, 0.11290322580645161, 0.6289072876175221, 0.18433320000187192)
array('d', [0.6718919180064971, 0.08485428861024688, 0.0007688161234638784]) ; (0.010906817863552536, 0.06779661016949153, 0.8746048284815306, 0.2236307333960454)
array('d', [0.25668235340222184, 0.031783207704883354, 0.0007908849900639207]) ; (0.008781815935858322, 0.11290322580645161, 0.6243139448312501, 0.18384021684289287)
array('d', [0.14940608406957928, 0.1839075567625217, 0.00012326883999180078]) ; (0.013485936229741141, 0.896551724137931, 0.09262759924385634, 0.009176762198673824)
array('d', [0.23757296558775465, 0.031783207704883354, 0.0007908849900639207]) ; (0.009030343058324649, 0.11290322580645161, 0.53598258813494, 0.17495601997200536)
array('d', [0.6718919180064971, 0.08485428861024688, 0.0007688161234638784]) ; (0.010906817863552536, 0.06779661016949153, 0.8746048284815306, 0.2236307333960454)
array('d', [0.23757296558775465, 0.031783207704883354, 0.0007908849900639207]) ; (0.009030343058324649, 0.11290322580645161, 0.53598258813494, 0.17495601997200536)
array('d', [0.23757296558775465, 0.031783207704883354, 0.0007908849900639207]) ; (0.009030343058324649, 0.11290322580645161, 0.53598258813494, 0.17495601997200536)
array('d', [0.14940608406957928, 0.1839075567625217, 0.00012326883999180078]) ; (0.013485936229741141, 0.896551724137931, 0.09262759924385634, 0.009176762198673824)
array('d', [0.23757296558775465, 0.031783207704883354, 0.0007908849900639207]) ; (0.009030343058324649, 0.11290322580645161, 0.53598258813494, 0.17495601997200536)
array('d', [0.23757296558775465, 0.031783207704883354, 0.0007908849900639207]) ; (0.009030343058324649, 0.11290322580645161, 0.53598258813494, 0.17495601997200536)
array('d', [0.23757296558775465, 0.031783207704883354, 0.0007908849900639207]) ; (0.009030343058324649, 0.11290322580645161, 0.53598258813494, 0.17495601997200536)
array('d', [0.23757296558775465, 0.031783207704883354, 0.0007908849900639207]) ; (0.009030343058324649, 0.11290322580645161, 0.53598258813494, 0.17495601997200536)
array('d', [0.14940608406957928, 0.1839075567625217, 0.00012326883999180078]) ; (0.013485936229741141, 0.896551724137931, 0.09262759924385634, 0.009176762198673824)
array('d', [0.14940608406957928, 0.1839075567625217, 0.00012326883999180078]) ; (0.013485936229741141, 0.896551724137931, 0.09262759924385634, 0.009176762198673824)
array('d', [0.14940608406957928, 0.1839075567625217, 0.00012326883999180078]) ; (0.013485936229741141, 0.896551724137931, 0.09262759924385634, 0.009176762198673824)
array('d', [0.23757296558775465, 0.031783207704883354, 0.0007908849900639207]) ; (0.009030343058324649, 0.11290322580645161, 0.53598258813494, 0.17495601997200536)
array('d', [0.6718919180064971, 0.08485428861024688, 0.0007688161234638784]) ; (0.010906817863552536, 0.06779661016949153, 0.8746048284815306, 0.2236307333960454)
array('d', [0.14940608406957928, 0.1839075567625217, 0.00012326883999180078]) ; (0.013485936229741141, 0.896551724137931, 0.09262759924385634, 0.009176762198673824)
array('d', [0.23757296558775465, 0.031783207704883354, 0.0007908849900639207]) ; (0.009030343058324649, 0.11290322580645161, 0.53598258813494, 0.17495601997200536)
array('d', [0.6718919180064971, 0.08485428861024688, 0.0007688161234638784]) ; (0.010906817863552536, 0.06779661016949153, 0.8746048284815306, 0.2236307333960454)
array('d', [0.23757296558775465, 0.08678229585575353, 0.0007908849900639207]) ; (0.010215264361753549, 0.896551724137931, 0.030245746691871453, 0.03788771982629915)
array('d', [0.14940608406957928, 0.1839075567625217, 0.00012326883999180078]) ; (0.013485936229741141, 0.896551724137931, 0.09262759924385634, 0.009176762198673824)
array('d', [0.14940608406957928, 0.1839075567625217, 0.00012326883999180078]) ; (0.013485936229741141, 0.896551724137931, 0.09262759924385634, 0.009176762198673824)
array('d', [0.14940608406957928, 0.1839075567625217, 0.00012326883999180078]) ; (0.013485936229741141, 0.896551724137931, 0.09262759924385634, 0.009176762198673824)
array('d', [0.23757296558775465, 0.08678229585575353, 0.0007908849900639207]) ; (0.010215264361753549, 0.896551724137931, 0.030245746691871453, 0.03788771982629915)
array('d', [0.14940608406957928, 0.1839075567625217, 0.00012326883999180078]) ; (0.013485936229741141, 0.896551724137931, 0.09262759924385634, 0.009176762198673824)
array('d', [0.23757296558775465, 0.08678229585575353, 0.0007908849900639207]) ; (0.010215264361753549, 0.896551724137931, 0.030245746691871453, 0.03788771982629915)
array('d', [0.2344490215344006, 0.027458144963964645, 0.0007687920021126952]) ; (0.00843434119097032, 0.12698412698412698, 0.6490063190030266, 0.1810144065947292)
array('d', [0.6819862454661136, 0.08485428861024688, 0.0007902596895091865]) ; (0.010881821931149019, 0.06779661016949153, 0.8927873949171119, 0.2246006609644485)
array('d', [0.23757296558775465, 0.08678229585575353, 0.0007908849900639207]) ; (0.010215264361753549, 0.896551724137931, 0.030245746691871453, 0.03788771982629915)
array('d', [0.14940608406957928, 0.1839075567625217, 0.00012326883999180078]) ; (0.013485936229741141, 0.896551724137931, 0.09262759924385634, 0.009176762198673824)
array('d', [0.680084635723267, 0.08678229585575353, 0.000790877090699635]) ; (0.010937425968156512, 0.06779661016949153, 0.8655836940540017, 0.22360979557434157)
array('d', [0.6819862454661136, 0.08485428861024688, 0.0007902596895091865]) ; (0.010881821931149019, 0.06779661016949153, 0.8927873949171119, 0.2246006609644485)
array('d', [0.680084635723267, 0.08678229585575353, 0.000790877090699635]) ; (0.010937425968156512, 0.06779661016949153, 0.8655836940540017, 0.22360979557434157)
array('d', [0.14940608406957928, 0.1839075567625217, 0.00012326883999180078]) ; (0.013485936229741141, 0.896551724137931, 0.09262759924385634, 0.009176762198673824)
array('d', [0.680084635723267, 0.08678229585575353, 0.000790877090699635]) ; (0.010937425968156512, 0.06779661016949153, 0.8655836940540017, 0.22360979557434157)
array('d', [0.14940608406957928, 0.1839075567625217, 0.00012326883999180078]) ; (0.013485936229741141, 0.896551724137931, 0.09262759924385634, 0.009176762198673824)
array('d', [0.680084635723267, 0.08678229585575353, 0.000790877090699635]) ; (0.010937425968156512, 0.06779661016949153, 0.8655836940540017, 0.22360979557434157)
array('d', [0.6819862454661136, 0.08485428861024688, 0.0007902596895091865]) ; (0.010881821931149019, 0.06779661016949153, 0.8927873949171119, 0.2246006609644485)
array('d', [0.6819862454661136, 0.08485428861024688, 0.0007902596895091865]) ; (0.010881821931149019, 0.06779661016949153, 0.8927873949171119, 0.2246006609644485)
array('d', [0.6819862454661136, 0.08478534428821331, 0.0007901761686978384]) ; (0.010868229626249061, 0.06779661016949153, 0.9148533983815268, 0.2245645979210143)
array('d', [0.680084635723267, 0.08755014048619769, 0.000790877090699635]) ; (0.011013030499880998, 0.06779661016949153, 0.8566093254866457, 0.22328236931308867)
array('d', [0.680084635723267, 0.08755014048619769, 0.000790877090699635]) ; (0.011013030499880998, 0.06779661016949153, 0.8566093254866457, 0.22328236931308867)
array('d', [0.14940608406957928, 0.1839075567625217, 0.00012326883999180078]) ; (0.013485936229741141, 0.896551724137931, 0.09262759924385634, 0.009176762198673824)
array('d', [0.680084635723267, 0.0868512401777871, 0.0007909606115109831]) ; (0.010937624450781324, 0.06779661016949153, 0.8655836940540017, 0.22357449800921206)
array('d', [0.14940608406957928, 0.1839075567625217, 0.00012326883999180078]) ; (0.013485936229741141, 0.896551724137931, 0.09262759924385634, 0.009176762198673824)
array('d', [0.14940608406957928, 0.18313971213267438, 0.00012326883999180078]) ; (0.013470570160962042, 0.896551724137931, 0.10633270321361059, 0.00867852507312446)
array('d', [0.680084635723267, 0.08678229585575353, 0.000790877090699635]) ; (0.010937425968156512, 0.06779661016949153, 0.8655836940540017, 0.22360979557434157)
array('d', [0.14940608406957928, 0.1839075567625217, 0.00012326883999180078]) ; (0.013485936229741141, 0.896551724137931, 0.09262759924385634, 0.009176762198673824)
array('d', [0.14940608406957928, 0.1839075567625217, 0.00012326883999180078]) ; (0.013485936229741141, 0.896551724137931, 0.09262759924385634, 0.009176762198673824)
array('d', [0.14940608406957928, 0.1839075567625217, 0.00012326883999180078]) ; (0.013485936229741141, 0.896551724137931, 0.09262759924385634, 0.009176762198673824)
array('d', [0.6800811976880478, 0.08478534428821331, 0.0007901761686978384]) ; (0.010892584643285165, 0.06779661016949153, 0.890960720418723, 0.22443667441664839)
array('d', [0.14940608406957928, 0.18325617395318544, 0.00012326883999180078]) ; (0.013472938864544183, 0.896551724137931, 0.10633270321361059, 0.008814795812269145)
array('d', [0.14940608406957928, 0.1839075567625217, 0.00012326883999180078]) ; (0.013485936229741141, 0.896551724137931, 0.09262759924385634, 0.009176762198673824)
array('d', [0.6819716111420672, 0.1416639303406137, 0.0007908940794265577]) ; (0.013631441200162783, 0.018518518518518517, 0.4163999341368108, 0.1978138975483836)
array('d', [0.6819716111420672, 0.1416639303406137, 0.0007908940794265577]) ; (0.013631441200162783, 0.018518518518518517, 0.4163999341368108, 0.1978138975483836)
array('d', [0.14940608406957928, 0.1839075567625217, 0.00012326883999180078]) ; (0.013485936229741141, 0.896551724137931, 0.09262759924385634, 0.009176762198673824)
array('d', [0.14940608406957928, 0.1839075567625217, 0.00012326883999180078]) ; (0.013485936229741141, 0.896551724137931, 0.09262759924385634, 0.009176762198673824)
array('d', [0.6819716111420672, 0.1416639303406137, 0.0007908940794265577]) ; (0.013631441200162783, 0.018518518518518517, 0.4163999341368108, 0.1978138975483836)
array('d', [0.14940608406957928, 0.1839075567625217, 0.00012326883999180078]) ; (0.013485936229741141, 0.896551724137931, 0.09262759924385634, 0.009176762198673824)
array('d', [0.6800811976880478, 0.08478534428821331, 0.0007901761686978384]) ; (0.010329580501079067, 0.140625, 0.7259567359674356, 0.20228343699875148)
array('d', [0.6800811976880478, 0.08478534428821331, 0.0007901761686978384]) ; (0.010892584643285165, 0.06779661016949153, 0.890960720418723, 0.22443667441664839)
array('d', [0.6800811976880478, 0.08478534428821331, 0.0007901761686978384]) ; (0.010892584643285165, 0.06779661016949153, 0.890960720418723, 0.22443667441664839)
array('d', [0.6819716111420672, 0.1416639303406137, 0.0007908940794265577]) ; (0.013631441200162783, 0.018518518518518517, 0.4163999341368108, 0.1978138975483836)
array('d', [0.6819716111420672, 0.1416639303406137, 0.0007908940794265577]) ; (0.013631441200162783, 0.018518518518518517, 0.4163999341368108, 0.1978138975483836)
array('d', [0.6819716111420672, 0.1416639303406137, 0.0007908940794265577]) ; (0.013631441200162783, 0.018518518518518517, 0.4163999341368108, 0.1978138975483836)
array('d', [0.6819716111420672, 0.1416639303406137, 0.0007908940794265577]) ; (0.013631441200162783, 0.018518518518518517, 0.4163999341368108, 0.1978138975483836)
array('d', [0.6819716111420672, 0.1416639303406137, 0.0007908940794265577]) ; (0.013631441200162783, 0.018518518518518517, 0.4163999341368108, 0.1978138975483836)
array('d', [0.6800811976880478, 0.08478534428821331, 0.0007901761686978384]) ; (0.010892584643285165, 0.06779661016949153, 0.890960720418723, 0.22443667441664839)
array('d', [0.6819716111420672, 0.1416639303406137, 0.0007908940794265577]) ; (0.013631441200162783, 0.018518518518518517, 0.4163999341368108, 0.1978138975483836)
array('d', [0.6819608836893993, 0.08543564380560778, 0.0007902147049473647]) ; (0.010606086810268677, 0.140625, 0.7193795853925898, 0.20221438450052834)
array('d', [0.6800811976880478, 0.08478534428821331, 0.0007901761686978384]) ; (0.010892584643285165, 0.06779661016949153, 0.890960720418723, 0.22443667441664839)
array('d', [0.6800919251407156, 0.14101363082321944, 0.0007908555431770313]) ; (0.013062887568078864, 0.08333333333333333, 0.3378375092128745, 0.17815033154595647)
array('d', [0.6800811976880478, 0.08478534428821331, 0.0007901761686978384]) ; (0.010892584643285165, 0.06779661016949153, 0.890960720418723, 0.22443667441664839)
array('d', [0.6819716111420672, 0.1416639303406137, 0.0007908940794265577]) ; (0.013015349766391151, 0.08333333333333333, 0.33671419325149915, 0.17813737778500752)
array('d', [0.6800811976880478, 0.08478534428821331, 0.0007901761686978384]) ; (0.010892584643285165, 0.06779661016949153, 0.890960720418723, 0.22443667441664839)
array('d', [0.6800811976880478, 0.08478534428821331, 0.0007901761686978384]) ; (0.010892584643285165, 0.06779661016949153, 0.890960720418723, 0.22443667441664839)
array('d', [0.6819716111420672, 0.1416639303406137, 0.0007908940794265577]) ; (0.013015349766391151, 0.08333333333333333, 0.33671419325149915, 0.17813737778500752)
array('d', [0.6819716111420672, 0.1416639303406137, 0.0007908940794265577]) ; (0.013015349766391151, 0.08333333333333333, 0.33671419325149915, 0.17813737778500752)
array('d', [0.6800811976880478, 0.08478534428821331, 0.0007901761686978384]) ; (0.010892584643285165, 0.06779661016949153, 0.890960720418723, 0.22443667441664839)
