 0 -65
 0.2 -64.97
 0.4 -64.9524
 0.6 -64.9397
 0.8 -64.9298
 1 -64.9218
 1.2 -64.915
 1.4 -64.9093
 1.6 -64.9044
 1.8 -64.9001
 2 -64.8964
 2.2 -64.8931
 2.4 -64.8902
 2.6 -64.8877
 2.8 -64.8854
 3 -64.8834
 3.2 -64.8816
 3.4 -64.88
 3.6 -64.8786
 3.8 -64.8773
 4 -64.8762
 4.2 -64.8752
 4.4 -64.8743
 4.6 -64.8735
 4.8 -64.8728
 5 -64.8723
 5.2 -64.8717
 5.4 -64.8713
 5.6 -64.871
 5.8 -64.8707
 6 -64.8704
 6.2 -64.8702
 6.4 -64.8701
 6.6 -64.87
 6.8 -64.87
 7 -64.87
 7.2 -64.8701
 7.4 -64.8702
 7.6 -64.8703
 7.8 -64.8704
 8 -64.8706
 8.2 -64.8709
 8.4 -64.8711
 8.6 -64.8714
 8.8 -64.8717
 9 -64.8721
 9.2 -64.8724
 9.4 -64.8728
 9.6 -64.8732
 9.8 -64.8737
 10 -64.8741
 10.2 -64.8746
 10.4 -64.8751
 10.6 -64.8756
 10.8 -64.8761
 11 -64.8766
 11.2 -64.8772
 11.4 -64.8778
 11.6 -64.8784
 11.8 -64.879
 12 -64.8796
 12.2 -64.8802
 12.4 -64.8808
 12.6 -64.8815
 12.8 -64.8821
 13 -64.8828
 13.2 -64.8835
 13.4 -64.8842
 13.6 -64.8849
 13.8 -64.8856
 14 -64.8863
 14.2 -64.8871
 14.4 -64.8878
 14.6 -64.8885
 14.8 -64.8893
 15 -64.8901
 15.2 -64.8908
 15.4 -64.8916
 15.6 -64.8924
 15.8 -64.8932
 16 -64.894
 16.2 -64.8947
 16.4 -64.8955
 16.6 -64.8964
 16.8 -64.8972
 17 -64.898
 17.2 -64.8988
 17.4 -64.8996
 17.6 -64.9005
 17.8 -64.9013
 18 -64.9021
 18.2 -64.903
 18.4 -64.9038
 18.6 -64.9046
 18.8 -64.9055
 19 -64.9063
 19.2 -64.9072
 19.4 -64.908
 19.6 -64.9089
 19.8 -64.9098
 20 -64.9106
 20.2 -64.9115
 20.4 -64.9123
 20.6 -64.9132
 20.8 -64.9141
 21 -64.9149
 21.2 -64.9158
 21.4 -64.9167
 21.6 -64.9175
 21.8 -64.9184
 22 -64.9193
 22.2 -64.9201
 22.4 -64.921
 22.6 -64.9219
 22.8 -64.9228
 23 -64.9236
 23.2 -64.9245
 23.4 -64.9254
 23.6 -64.9262
 23.8 -64.9271
 24 -64.928
 24.2 -64.9288
 24.4 -64.9297
 24.6 -64.9306
 24.8 -64.9314
 25 -64.9323
 25.2 -64.9332
 25.4 -64.934
 25.6 -64.9349
 25.8 -64.9357
 26 -64.9366
 26.2 -64.9375
 26.4 -64.9383
 26.6 -64.9392
 26.8 -64.94
 27 -64.9409
 27.2 -64.9417
 27.4 -64.9426
 27.6 -64.9434
 27.8 -64.9443
 28 -64.9451
 28.2 -64.9459
 28.4 -64.9468
 28.6 -64.9476
 28.8 -64.9485
 29 -64.9493
 29.2 -64.9501
 29.4 -64.951
 29.6 -64.9518
 29.8 -64.9526
 30 -64.9534
 30.2 -64.9542
 30.4 -64.9551
 30.6 -64.9559
 30.8 -64.9567
 31 -64.9575
 31.2 -64.9583
 31.4 -64.9591
 31.6 -64.9599
 31.8 -64.9607
 32 -64.9615
 32.2 -64.9623
 32.4 -64.9631
 32.6 -64.9639
 32.8 -64.9647
 33 -64.9655
 33.2 -64.9662
 33.4 -64.967
 33.6 -64.9678
 33.8 -64.9686
 34 -64.9693
 34.2 -64.9701
 34.4 -64.9709
 34.6 -64.9716
 34.8 -64.9724
 35 -64.9731
 35.2 -64.9739
 35.4 -64.9746
 35.6 -64.9754
 35.8 -64.9761
 36 -64.9769
 36.2 -64.9776
 36.4 -64.9783
 36.6 -64.9791
 36.8 -64.9798
 37 -64.9805
 37.2 -64.9813
 37.4 -64.982
 37.6 -64.9827
 37.8 -64.9834
 38 -64.9841
 38.2 -64.9848
 38.4 -64.9855
 38.6 -64.9862
 38.8 -64.9869
 39 -64.9876
 39.2 -64.9883
 39.4 -64.989
 39.6 -64.9897
 39.8 -64.9904
 40 -64.991
 40.2 -64.9917
 40.4 -64.9924
 40.6 -64.9931
 40.8 -64.9937
 41 -64.9944
 41.2 -64.995
 41.4 -64.9957
 41.6 -64.9964
 41.8 -64.997
 42 -64.9977
 42.2 -64.9983
 42.4 -64.9989
 42.6 -64.9996
 42.8 -65.0002
 43 -65.0008
 43.2 -65.0015
 43.4 -65.0021
 43.6 -65.0027
 43.8 -65.0033
 44 -65.0039
 44.2 -65.0046
 44.4 -65.0052
 44.6 -65.0058
 44.8 -65.0064
 45 -65.007
 45.2 -65.0076
 45.4 -65.0082
 45.6 -65.0087
 45.8 -65.0093
 46 -65.0099
 46.2 -65.0105
 46.4 -65.0111
 46.6 -65.0116
 46.8 -65.0122
 47 -65.0128
 47.2 -65.0133
 47.4 -65.0139
 47.6 -65.0145
 47.8 -65.015
 48 -65.0156
 48.2 -65.0161
 48.4 -65.0167
 48.6 -65.0172
 48.8 -65.0177
 49 -65.0183
 49.2 -65.0188
 49.4 -65.0193
 49.6 -65.0199
 49.8 -65.0204
 50 -65.0209
 50.2 -65.0214
 50.4 -65.0219
 50.6 -65.0224
 50.8 -65.023
 51 -65.0235
 51.2 -65.024
 51.4 -65.0245
 51.6 -65.025
 51.8 -65.0254
 52 -65.0259
 52.2 -65.0264
 52.4 -65.0269
 52.6 -65.0274
 52.8 -65.0279
 53 -65.0283
 53.2 -65.0288
 53.4 -65.0293
 53.6 -65.0297
 53.8 -65.0302
 54 -65.0307
 54.2 -65.0311
 54.4 -65.0316
 54.6 -65.032
 54.8 -65.0325
 55 -65.0329
 55.2 -65.0334
 55.4 -65.0338
 55.6 -65.0342
 55.8 -65.0347
 56 -65.0351
 56.2 -65.0355
 56.4 -65.0359
 56.6 -65.0364
 56.8 -65.0368
 57 -65.0372
 57.2 -65.0376
 57.4 -65.038
 57.6 -65.0384
 57.8 -65.0388
 58 -65.0392
 58.2 -65.0396
 58.4 -65.04
 58.6 -65.0404
 58.8 -65.0408
 59 -65.0412
 59.2 -65.0416
 59.4 -65.042
 59.6 -65.0423
 59.8 -65.0427
 60 -65.0431
 60.2 -65.0435
 60.4 -65.0438
 60.6 -65.0442
 60.8 -65.0446
 61 -65.0449
 61.2 -65.0453
 61.4 -65.0456
 61.6 -65.046
 61.8 -65.0463
 62 -65.0467
 62.2 -65.047
 62.4 -65.0474
 62.6 -65.0477
 62.8 -65.048
 63 -65.0484
 63.2 -65.0487
 63.4 -65.049
 63.6 -65.0494
 63.8 -65.0497
 64 -65.05
 64.2 -65.0503
 64.4 -65.0506
 64.6 -65.0509
 64.8 -65.0513
 65 -65.0516
 65.2 -65.0519
 65.4 -65.0522
 65.6 -65.0525
 65.8 -65.0528
 66 -65.0531
 66.2 -65.0534
 66.4 -65.0537
 66.6 -65.0539
 66.8 -65.0542
 67 -65.0545
 67.2 -65.0548
 67.4 -65.0551
 67.6 -65.0554
 67.8 -65.0556
 68 -65.0559
 68.2 -65.0562
 68.4 -65.0564
 68.6 -65.0567
 68.8 -65.057
 69 -65.0572
 69.2 -65.0575
 69.4 -65.0577
 69.6 -65.058
 69.8 -65.0582
 70 -65.0585
 70.2 -65.0587
 70.4 -65.059
 70.6 -65.0592
 70.8 -65.0595
 71 -65.0597
 71.2 -65.0599
 71.4 -65.0602
 71.6 -65.0604
 71.8 -65.0606
 72 -65.0609
 72.2 -65.0611
 72.4 -65.0613
 72.6 -65.0615
 72.8 -65.0618
 73 -65.062
 73.2 -65.0622
 73.4 -65.0624
 73.6 -65.0626
 73.8 -65.0628
 74 -65.063
 74.2 -65.0632
 74.4 -65.0634
 74.6 -65.0636
 74.8 -65.0638
 75 -65.064
 75.2 -65.0642
 75.4 -65.0644
 75.6 -65.0646
 75.8 -65.0648
 76 -65.065
 76.2 -65.0652
 76.4 -65.0653
 76.6 -65.0655
 76.8 -65.0657
 77 -65.0659
 77.2 -65.0661
 77.4 -65.0662
 77.6 -65.0664
 77.8 -65.0666
 78 -65.0667
 78.2 -65.0669
 78.4 -65.0671
 78.6 -65.0672
 78.8 -65.0674
 79 -65.0675
 79.2 -65.0677
 79.4 -65.0679
 79.6 -65.068
 79.8 -65.0682
 80 -65.0683
 80.2 -65.0685
 80.4 -65.0686
 80.6 -65.0687
 80.8 -65.0689
 81 -65.069
 81.2 -65.0692
 81.4 -65.0693
 81.6 -65.0694
 81.8 -65.0696
 82 -65.0697
 82.2 -65.0698
 82.4 -65.07
 82.6 -65.0701
 82.8 -65.0702
 83 -65.0703
 83.2 -65.0705
 83.4 -65.0706
 83.6 -65.0707
 83.8 -65.0708
 84 -65.0709
 84.2 -65.071
 84.4 -65.0712
 84.6 -65.0713
 84.8 -65.0714
 85 -65.0715
 85.2 -65.0716
 85.4 -65.0717
 85.6 -65.0718
 85.8 -65.0719
 86 -65.072
 86.2 -65.0721
 86.4 -65.0722
 86.6 -65.0723
 86.8 -65.0724
 87 -65.0725
 87.2 -65.0726
 87.4 -65.0727
 87.6 -65.0727
 87.8 -65.0728
 88 -65.0729
 88.2 -65.073
 88.4 -65.0731
 88.6 -65.0732
 88.8 -65.0732
 89 -65.0733
 89.2 -65.0734
 89.4 -65.0735
 89.6 -65.0735
 89.8 -65.0736
 90 -65.0737
 90.2 -65.0738
 90.4 -65.0738
 90.6 -65.0739
 90.8 -65.074
 91 -65.074
 91.2 -65.0741
 91.4 -65.0742
 91.6 -65.0742
 91.8 -65.0743
 92 -65.0743
 92.2 -65.0744
 92.4 -65.0745
 92.6 -65.0745
 92.8 -65.0746
 93 -65.0746
 93.2 -65.0747
 93.4 -65.0747
 93.6 -65.0748
 93.8 -65.0748
 94 -65.0749
 94.2 -65.0749
 94.4 -65.075
 94.6 -65.075
 94.8 -65.075
 95 -65.0751
 95.2 -65.0751
 95.4 -65.0752
 95.6 -65.0752
 95.8 -65.0752
 96 -65.0753
 96.2 -65.0753
 96.4 -65.0753
 96.6 -65.0754
 96.8 -65.0754
 97 -65.0754
 97.2 -65.0755
 97.4 -65.0755
 97.6 -65.0755
 97.8 -65.0755
 98 -65.0756
 98.2 -65.0756
 98.4 -65.0756
 98.6 -65.0756
 98.8 -65.0757
 99 -65.0757
 99.2 -65.0757
 99.4 -65.0757
 99.6 -65.0757
 99.8 -65.0757
 100 -65.0758
 100.2 -65.0758
 100.4 -65.0758
 100.6 -65.0758
 100.8 -65.0758
 101 -65.0758
 101.2 -65.0758
 101.4 -65.0758
 101.6 -65.0758
 101.8 -65.0759
 102 -65.0759
 102.2 -65.0759
 102.4 -65.0759
 102.6 -65.0759
 102.8 -65.0759
 103 -65.0759
 103.2 -65.0759
 103.4 -65.0759
 103.6 -65.0759
 103.8 -65.0759
 104 -65.0759
 104.2 -65.0759
 104.4 -65.0759
 104.6 -65.0759
 104.8 -65.0759
 105 -65.0758
 105.2 -65.0758
 105.4 -65.0758
 105.6 -65.0758
 105.8 -65.0758
 106 -65.0758
 106.2 -65.0758
 106.4 -65.0758
 106.6 -65.0758
 106.8 -65.0758
 107 -65.0757
 107.2 -65.0757
 107.4 -65.0757
 107.6 -65.0757
 107.8 -65.0757
 108 -65.0757
 108.2 -65.0756
 108.4 -65.0756
 108.6 -65.0756
 108.8 -65.0756
 109 -65.0756
 109.2 -65.0755
 109.4 -65.0755
 109.6 -65.0755
 109.8 -65.0755
 110 -65.0754
 110.2 -65.0754
 110.4 -65.0754
 110.6 -65.0754
 110.8 -65.0753
 111 -65.0753
 111.2 -65.0753
 111.4 -65.0753
 111.6 -65.0752
 111.8 -65.0752
 112 -65.0752
 112.2 -65.0751
 112.4 -65.0751
 112.6 -65.0751
 112.8 -65.075
 113 -65.075
 113.2 -65.075
 113.4 -65.0749
 113.6 -65.0749
 113.8 -65.0749
 114 -65.0748
 114.2 -65.0748
 114.4 -65.0748
 114.6 -65.0747
 114.8 -65.0747
 115 -65.0747
 115.2 -65.0746
 115.4 -65.0746
 115.6 -65.0745
 115.8 -65.0745
 116 -65.0745
 116.2 -65.0744
 116.4 -65.0744
 116.6 -65.0743
 116.8 -65.0743
 117 -65.0743
 117.2 -65.0742
 117.4 -65.0742
 117.6 -65.0741
 117.8 -65.0741
 118 -65.074
 118.2 -65.074
 118.4 -65.0739
 118.6 -65.0739
 118.8 -65.0739
 119 -65.0738
 119.2 -65.0738
 119.4 -65.0737
 119.6 -65.0737
 119.8 -65.0736
 120 -65.0736
 120.2 -65.0735
 120.4 -65.0735
 120.6 -65.0734
 120.8 -65.0734
 121 -65.0733
 121.2 -65.0733
 121.4 -65.0732
 121.6 -65.0732
 121.8 -65.0731
 122 -65.0731
 122.2 -65.073
 122.4 -65.073
 122.6 -65.0729
 122.8 -65.0728
 123 -65.0728
 123.2 -65.0727
 123.4 -65.0727
 123.6 -65.0726
 123.8 -65.0726
 124 -65.0725
 124.2 -65.0725
 124.4 -65.0724
 124.6 -65.0723
 124.8 -65.0723
 125 -65.0722
 125.2 -65.0722
 125.4 -65.0721
 125.6 -65.0721
 125.8 -65.072
 126 -65.0719
 126.2 -65.0719
 126.4 -65.0718
 126.6 -65.0718
 126.8 -65.0717
 127 -65.0717
 127.2 -65.0716
 127.4 -65.0715
 127.6 -65.0715
 127.8 -65.0714
 128 -65.0714
 128.2 -65.0713
 128.4 -65.0712
 128.6 -65.0712
 128.8 -65.0711
 129 -65.0711
 129.2 -65.071
 129.4 -65.0709
 129.6 -65.0709
 129.8 -65.0708
 130 -65.0707
 130.2 -65.0707
 130.4 -65.0706
 130.6 -65.0706
 130.8 -65.0705
 131 -65.0704
 131.2 -65.0704
 131.4 -65.0703
 131.6 -65.0702
 131.8 -65.0702
 132 -65.0701
 132.2 -65.0701
 132.4 -65.07
 132.6 -65.0699
 132.8 -65.0699
 133 -65.0698
 133.2 -65.0697
 133.4 -65.0697
 133.6 -65.0696
 133.8 -65.0695
 134 -65.0695
 134.2 -65.0694
 134.4 -65.0693
 134.6 -65.0693
 134.8 -65.0692
 135 -65.0691
 135.2 -65.0691
 135.4 -65.069
 135.6 -65.0689
 135.8 -65.0689
 136 -65.0688
 136.2 -65.0687
 136.4 -65.0687
 136.6 -65.0686
 136.8 -65.0686
 137 -65.0685
 137.2 -65.0684
 137.4 -65.0684
 137.6 -65.0683
 137.8 -65.0682
 138 -65.0682
 138.2 -65.0681
 138.4 -65.068
 138.6 -65.068
 138.8 -65.0679
 139 -65.0678
 139.2 -65.0678
 139.4 -65.0677
 139.6 -65.0676
 139.8 -65.0675
 140 -65.0675
 140.2 -65.0674
 140.4 -65.0673
 140.6 -65.0673
 140.8 -65.0672
 141 -65.0671
 141.2 -65.0671
 141.4 -65.067
 141.6 -65.0669
 141.8 -65.0669
 142 -65.0668
 142.2 -65.0667
 142.4 -65.0667
 142.6 -65.0666
 142.8 -65.0665
 143 -65.0665
 143.2 -65.0664
 143.4 -65.0663
 143.6 -65.0663
 143.8 -65.0662
 144 -65.0661
 144.2 -65.0661
 144.4 -65.066
 144.6 -65.0659
 144.8 -65.0659
 145 -65.0658
 145.2 -65.0657
 145.4 -65.0657
 145.6 -65.0656
 145.8 -65.0655
 146 -65.0655
 146.2 -65.0654
 146.4 -65.0653
 146.6 -65.0653
 146.8 -65.0652
 147 -65.0651
 147.2 -65.0651
 147.4 -65.065
 147.6 -65.0649
 147.8 -65.0649
 148 -65.0648
 148.2 -65.0647
 148.4 -65.0647
 148.6 -65.0646
 148.8 -65.0645
 149 -65.0645
 149.2 -65.0644
 149.4 -65.0643
 149.6 -65.0643
 149.8 -65.0642
 150 -65.0641
 150.2 -65.0641
 150.4 -65.064
 150.6 -65.0639
 150.8 -65.0639
 151 -65.0638
 151.2 -65.0637
 151.4 -65.0637
 151.6 -65.0636
 151.8 -65.0635
 152 -65.0635
 152.2 -65.0634
 152.4 -65.0634
 152.6 -65.0633
 152.8 -65.0632
 153 -65.0632
 153.2 -65.0631
 153.4 -65.063
 153.6 -65.063
 153.8 -65.0629
 154 -65.0628
 154.2 -65.0628
 154.4 -65.0627
 154.6 -65.0626
 154.8 -65.0626
 155 -65.0625
 155.2 -65.0625
 155.4 -65.0624
 155.6 -65.0623
 155.8 -65.0623
 156 -65.0622
 156.2 -65.0621
 156.4 -65.0621
 156.6 -65.062
 156.8 -65.0619
 157 -65.0619
 157.2 -65.0618
 157.4 -65.0618
 157.6 -65.0617
 157.8 -65.0616
 158 -65.0616
 158.2 -65.0615
 158.4 -65.0614
 158.6 -65.0614
 158.8 -65.0613
 159 -65.0613
 159.2 -65.0612
 159.4 -65.0611
 159.6 -65.0611
 159.8 -65.061
 160 -65.061
 160.2 -65.0609
 160.4 -65.0608
 160.6 -65.0608
 160.8 -65.0607
 161 -65.0607
 161.2 -65.0606
 161.4 -65.0605
 161.6 -65.0605
 161.8 -65.0604
 162 -65.0604
 162.2 -65.0603
 162.4 -65.0602
 162.6 -65.0602
 162.8 -65.0601
 163 -65.0601
 163.2 -65.06
 163.4 -65.0599
 163.6 -65.0599
 163.8 -65.0598
 164 -65.0598
 164.2 -65.0597
 164.4 -65.0597
 164.6 -65.0596
 164.8 -65.0595
 165 -65.0595
 165.2 -65.0594
 165.4 -65.0594
 165.6 -65.0593
 165.8 -65.0593
 166 -65.0592
 166.2 -65.0591
 166.4 -65.0591
 166.6 -65.059
 166.8 -65.059
 167 -65.0589
 167.2 -65.0589
 167.4 -65.0588
 167.6 -65.0588
 167.8 -65.0587
 168 -65.0586
 168.2 -65.0586
 168.4 -65.0585
 168.6 -65.0585
 168.8 -65.0584
 169 -65.0584
 169.2 -65.0583
 169.4 -65.0583
 169.6 -65.0582
 169.8 -65.0582
 170 -65.0581
 170.2 -65.058
 170.4 -65.058
 170.6 -65.0579
 170.8 -65.0579
 171 -65.0578
 171.2 -65.0578
 171.4 -65.0577
 171.6 -65.0577
 171.8 -65.0576
 172 -65.0576
 172.2 -65.0575
 172.4 -65.0575
 172.6 -65.0574
 172.8 -65.0574
 173 -65.0573
 173.2 -65.0573
 173.4 -65.0572
 173.6 -65.0572
 173.8 -65.0571
 174 -65.0571
 174.2 -65.057
 174.4 -65.057
 174.6 -65.0569
 174.8 -65.0569
 175 -65.0568
 175.2 -65.0568
 175.4 -65.0567
 175.6 -65.0567
 175.8 -65.0566
 176 -65.0566
 176.2 -65.0565
 176.4 -65.0565
 176.6 -65.0564
 176.8 -65.0564
 177 -65.0563
 177.2 -65.0563
 177.4 -65.0562
 177.6 -65.0562
 177.8 -65.0562
 178 -65.0561
 178.2 -65.0561
 178.4 -65.056
 178.6 -65.056
 178.8 -65.0559
 179 -65.0559
 179.2 -65.0558
 179.4 -65.0558
 179.6 -65.0557
 179.8 -65.0557
 180 -65.0556
 180.2 -65.0556
 180.4 -65.0556
 180.6 -65.0555
 180.8 -65.0555
 181 -65.0554
 181.2 -65.0554
 181.4 -65.0553
 181.6 -65.0553
 181.8 -65.0553
 182 -65.0552
 182.2 -65.0552
 182.4 -65.0551
 182.6 -65.0551
 182.8 -65.055
 183 -65.055
 183.2 -65.055
 183.4 -65.0549
 183.6 -65.0549
 183.8 -65.0548
 184 -65.0548
 184.2 -65.0547
 184.4 -65.0547
 184.6 -65.0547
 184.8 -65.0546
 185 -65.0546
 185.2 -65.0545
 185.4 -65.0545
 185.6 -65.0545
 185.8 -65.0544
 186 -65.0544
 186.2 -65.0543
 186.4 -65.0543
 186.6 -65.0543
 186.8 -65.0542
 187 -65.0542
 187.2 -65.0542
 187.4 -65.0541
 187.6 -65.0541
 187.8 -65.054
 188 -65.054
 188.2 -65.054
 188.4 -65.0539
 188.6 -65.0539
 188.8 -65.0538
 189 -65.0538
 189.2 -65.0538
 189.4 -65.0537
 189.6 -65.0537
 189.8 -65.0537
 190 -65.0536
 190.2 -65.0536
 190.4 -65.0536
 190.6 -65.0535
 190.8 -65.0535
 191 -65.0535
 191.2 -65.0534
 191.4 -65.0534
 191.6 -65.0533
 191.8 -65.0533
 192 -65.0533
 192.2 -65.0532
 192.4 -65.0532
 192.6 -65.0532
 192.8 -65.0531
 193 -65.0531
 193.2 -65.0531
 193.4 -65.053
 193.6 -65.053
 193.8 -65.053
 194 -65.0529
 194.2 -65.0529
 194.4 -65.0529
 194.6 -65.0528
 194.8 -65.0528
 195 -65.0528
 195.2 -65.0528
 195.4 -65.0527
 195.6 -65.0527
 195.8 -65.0527
 196 -65.0526
 196.2 -65.0526
 196.4 -65.0526
 196.6 -65.0525
 196.8 -65.0525
 197 -65.0525
 197.2 -65.0524
 197.4 -65.0524
 197.6 -65.0524
 197.8 -65.0524
 198 -65.0523
 198.2 -65.0523
 198.4 -65.0523
 198.6 -65.0522
 198.8 -65.0522
 199 -65.0522
 199.2 -65.0521
 199.4 -65.0521
 199.6 -65.0521
 199.8 -65.0521
 200 -65.052
 200.2 -63.3613
 200.4 -62.2575
 200.6 -61.3875
 200.8 -60.649
 201 -59.9971
 201.2 -59.4072
 201.4 -58.8644
 201.6 -58.3587
 201.8 -57.8833
 202 -57.433
 202.2 -57.004
 202.4 -56.5933
 202.6 -56.1986
 202.8 -55.818
 203 -55.4499
 203.2 -55.0931
 203.4 -54.7465
 203.6 -54.4093
 203.8 -54.0807
 204 -53.7601
 204.2 -53.447
 204.4 -53.141
 204.6 -52.8416
 204.8 -52.5485
 205 -52.2615
 205.2 -51.9803
 205.4 -51.7047
 205.6 -51.4346
 205.8 -51.1697
 206 -50.9099
 206.2 -50.6551
 206.4 -50.4052
 206.6 -50.1601
 206.8 -49.9197
 207 -49.6838
 207.2 -49.4525
 207.4 -49.2256
 207.6 -49.003
 207.8 -48.7848
 208 -48.5707
 208.2 -48.3607
 208.4 -48.1548
 208.6 -47.9529
 208.8 -47.7548
 209 -47.5606
 209.2 -47.3702
 209.4 -47.1834
 209.6 -47.0002
 209.8 -46.8206
 210 -46.6443
 210.2 -46.4714
 210.4 -46.3017
 210.6 -46.1352
 210.8 -45.9717
 211 -45.8112
 211.2 -45.6536
 211.4 -45.4988
 211.6 -45.3466
 211.8 -45.1971
 212 -45.05
 212.2 -44.9053
 212.4 -44.7628
 212.6 -44.6225
 212.8 -44.4843
 213 -44.348
 213.2 -44.2135
 213.4 -44.0808
 213.6 -43.9497
 213.8 -43.82
 214 -43.6918
 214.2 -43.5648
 214.4 -43.4389
 214.6 -43.3141
 214.8 -43.1901
 215 -43.0669
 215.2 -42.9443
 215.4 -42.8221
 215.6 -42.7002
 215.8 -42.5785
 216 -42.4568
 216.2 -42.3349
 216.4 -42.2125
 216.6 -42.0896
 216.8 -41.9658
 217 -41.8409
 217.2 -41.7146
 217.4 -41.5867
 217.6 -41.4567
 217.8 -41.3243
 218 -41.189
 218.2 -41.0503
 218.4 -40.9076
 218.6 -40.7602
 218.8 -40.607
 219 -40.4472
 219.2 -40.2794
 219.4 -40.1018
 219.6 -39.9124
 219.8 -39.7083
 220 -39.4859
 220.2 -39.2398
 220.4 -38.9625
 220.6 -38.6428
 220.8 -38.2627
 221 -37.7916
 221.2 -37.172
 221.4 -36.2805
 221.6 -34.7932
 221.8 -31.5382
 222 -19.4262
 222.2 23.9625
 222.4 29.4069
 222.6 18.6629
 222.8 4.87204
 223 -7.29395
 223.2 -17.2255
 223.4 -25.7385
 223.6 -33.5639
 223.8 -39.8023
 224 -43.5935
 224.2 -45.5075
 224.4 -46.4505
 224.6 -46.8962
 224.8 -47.0725
 225 -47.0973
 225.2 -47.0365
 225.4 -46.9289
 225.6 -46.799
 225.8 -46.6622
 226 -46.5283
 226.2 -46.403
 226.4 -46.2895
 226.6 -46.1888
 226.8 -46.101
 227 -46.0252
 227.2 -45.9601
 227.4 -45.9044
 227.6 -45.8564
 227.8 -45.8147
 228 -45.7781
 228.2 -45.7452
 228.4 -45.7151
 228.6 -45.6869
 228.8 -45.66
 229 -45.6336
 229.2 -45.6074
 229.4 -45.581
 229.6 -45.5541
 229.8 -45.5265
 230 -45.498
 230.2 -45.4686
 230.4 -45.4382
 230.6 -45.4068
 230.8 -45.3743
 231 -45.3408
 231.2 -45.3063
 231.4 -45.2708
 231.6 -45.2343
 231.8 -45.197
 232 -45.1587
 232.2 -45.1197
 232.4 -45.0799
 232.6 -45.0394
 232.8 -44.9982
 233 -44.9564
 233.2 -44.914
 233.4 -44.871
 233.6 -44.8276
 233.8 -44.7836
 234 -44.7393
 234.2 -44.6945
 234.4 -44.6494
 234.6 -44.6039
 234.8 -44.5581
 235 -44.512
 235.2 -44.4657
 235.4 -44.4191
 235.6 -44.3722
 235.8 -44.3252
 236 -44.2779
 236.2 -44.2305
 236.4 -44.1829
 236.6 -44.1351
 236.8 -44.0872
 237 -44.0392
 237.2 -43.991
 237.4 -43.9427
 237.6 -43.8942
 237.8 -43.8457
 238 -43.7971
 238.2 -43.7483
 238.4 -43.6995
 238.6 -43.6505
 238.8 -43.6015
 239 -43.5524
 239.2 -43.5031
 239.4 -43.4538
 239.6 -43.4044
 239.8 -43.3548
 240 -43.3052
 240.2 -43.2554
 240.4 -43.2055
 240.6 -43.1556
 240.8 -43.1054
 241 -43.0552
 241.2 -43.0048
 241.4 -42.9542
 241.6 -42.9035
 241.8 -42.8526
 242 -42.8016
 242.2 -42.7503
 242.4 -42.6989
 242.6 -42.6472
 242.8 -42.5953
 243 -42.5431
 243.2 -42.4907
 243.4 -42.438
 243.6 -42.385
 243.8 -42.3317
 244 -42.278
 244.2 -42.224
 244.4 -42.1696
 244.6 -42.1147
 244.8 -42.0595
 245 -42.0037
 245.2 -41.9474
 245.4 -41.8906
 245.6 -41.8333
 245.8 -41.7752
 246 -41.7166
 246.2 -41.6572
 246.4 -41.597
 246.6 -41.536
 246.8 -41.4742
 247 -41.4114
 247.2 -41.3475
 247.4 -41.2826
 247.6 -41.2164
 247.8 -41.149
 248 -41.0802
 248.2 -41.0098
 248.4 -40.9378
 248.6 -40.8639
 248.8 -40.7881
 249 -40.7101
 249.2 -40.6296
 249.4 -40.5465
 249.6 -40.4605
 249.8 -40.3711
 250 -40.2781
 250.2 -40.1808
 250.4 -40.0788
 250.6 -39.9714
 250.8 -39.8578
 251 -39.737
 251.2 -39.6076
 251.4 -39.4682
 251.6 -39.3166
 251.8 -39.1502
 252 -38.9653
 252.2 -38.7569
 252.4 -38.5176
 252.6 -38.2364
 252.8 -37.8959
 253 -37.4665
 253.2 -36.8926
 253.4 -36.0562
 253.6 -34.6529
 253.8 -31.6152
 254 -20.8516
 254.2 20.1256
 254.4 27.7342
 254.6 19.1149
 254.8 6.68622
 255 -4.93157
 255.2 -14.7294
 255.4 -23.1855
 255.6 -30.7379
 255.8 -36.9822
 256 -41.2673
 256.2 -43.6516
 256.4 -44.8854
 256.6 -45.5216
 256.8 -45.8448
 257 -45.9998
 257.2 -46.0623
 257.4 -46.0729
 257.6 -46.0545
 257.8 -46.0206
 258 -45.9799
 258.2 -45.9377
 258.4 -45.8977
 258.6 -45.862
 258.8 -45.8316
 259 -45.8068
 259.2 -45.7873
 259.4 -45.7727
 259.6 -45.7621
 259.8 -45.7549
 260 -45.7502
 260.2 -45.7473
 260.4 -45.7455
 260.6 -45.7443
 260.8 -45.743
 261 -45.7414
 261.2 -45.7391
 261.4 -45.7357
 261.6 -45.7313
 261.8 -45.7255
 262 -45.7183
 262.2 -45.7096
 262.4 -45.6995
 262.6 -45.6879
 262.8 -45.6748
 263 -45.6602
 263.2 -45.6442
 263.4 -45.6269
 263.6 -45.6082
 263.8 -45.5883
 264 -45.5672
 264.2 -45.5449
 264.4 -45.5216
 264.6 -45.4972
 264.8 -45.4719
 265 -45.4456
 265.2 -45.4185
 265.4 -45.3905
 265.6 -45.3618
 265.8 -45.3324
 266 -45.3023
 266.2 -45.2716
 266.4 -45.2403
 266.6 -45.2084
 266.8 -45.176
 267 -45.1431
 267.2 -45.1097
 267.4 -45.0759
 267.6 -45.0417
 267.8 -45.0072
 268 -44.9722
 268.2 -44.937
 268.4 -44.9014
 268.6 -44.8655
 268.8 -44.8294
 269 -44.793
 269.2 -44.7564
 269.4 -44.7195
 269.6 -44.6824
 269.8 -44.6452
 270 -44.6077
 270.2 -44.5701
 270.4 -44.5324
 270.6 -44.4944
 270.8 -44.4564
 271 -44.4182
 271.2 -44.3799
 271.4 -44.3414
 271.6 -44.3029
 271.8 -44.2642
 272 -44.2255
 272.2 -44.1867
 272.4 -44.1477
 272.6 -44.1087
 272.8 -44.0696
 273 -44.0305
 273.2 -43.9912
 273.4 -43.9519
 273.6 -43.9126
 273.8 -43.8731
 274 -43.8336
 274.2 -43.7941
 274.4 -43.7544
 274.6 -43.7148
 274.8 -43.675
 275 -43.6352
 275.2 -43.5953
 275.4 -43.5554
 275.6 -43.5154
 275.8 -43.4753
 276 -43.4352
 276.2 -43.395
 276.4 -43.3547
 276.6 -43.3143
 276.8 -43.2739
 277 -43.2334
 277.2 -43.1928
 277.4 -43.1521
 277.6 -43.1113
 277.8 -43.0705
 278 -43.0295
 278.2 -42.9884
 278.4 -42.9472
 278.6 -42.9059
 278.8 -42.8644
 279 -42.8229
 279.2 -42.7812
 279.4 -42.7393
 279.6 -42.6973
 279.8 -42.6551
 280 -42.6128
 280.2 -42.5702
 280.4 -42.5275
 280.6 -42.4846
 280.8 -42.4415
 281 -42.3981
 281.2 -42.3545
 281.4 -42.3107
 281.6 -42.2666
 281.8 -42.2222
 282 -42.1775
 282.2 -42.1325
 282.4 -42.0872
 282.6 -42.0415
 282.8 -41.9955
 283 -41.9491
 283.2 -41.9022
 283.4 -41.855
 283.6 -41.8072
 283.8 -41.759
 284 -41.7103
 284.2 -41.661
 284.4 -41.6111
 284.6 -41.5606
 284.8 -41.5094
 285 -41.4576
 285.2 -41.4049
 285.4 -41.3515
 285.6 -41.2972
 285.8 -41.242
 286 -41.1858
 286.2 -41.1285
 286.4 -41.0701
 286.6 -41.0105
 286.8 -40.9495
 287 -40.8871
 287.2 -40.8232
 287.4 -40.7575
 287.6 -40.69
 287.8 -40.6205
 288 -40.5488
 288.2 -40.4747
 288.4 -40.3978
 288.6 -40.318
 288.8 -40.2349
 289 -40.148
 289.2 -40.0569
 289.4 -39.9611
 289.6 -39.8598
 289.8 -39.7523
 290 -39.6375
 290.2 -39.5141
 290.4 -39.3806
 290.6 -39.2349
 290.8 -39.0743
 291 -38.895
 291.2 -38.692
 291.4 -38.4577
 291.6 -38.1812
 291.8 -37.8446
 292 -37.4176
 292.2 -36.8434
 292.4 -36.0008
 292.6 -34.5744
 292.8 -31.4462
 293 -20.1417
 293.2 21.0269
 293.4 27.5229
 293.6 18.641
 293.8 6.20874
 294 -5.35981
 294.2 -15.1048
 294.4 -23.5209
 294.6 -31.0621
 294.8 -37.2736
 295 -41.5045
 295.2 -43.8506
 295.4 -45.0806
 295.6 -45.7352
 295.8 -46.0857
 296 -46.2677
 296.2 -46.3531
 296.4 -46.3822
 296.6 -46.3793
 296.8 -46.3596
 297 -46.3325
 297.2 -46.304
 297.4 -46.2776
 297.6 -46.255
 297.8 -46.2371
 298 -46.224
 298.2 -46.2151
 298.4 -46.21
 298.6 -46.2078
 298.8 -46.2079
 299 -46.2095
 299.2 -46.2121
 299.4 -46.215
 299.6 -46.2179
 299.8 -46.2202
 300 -46.2218
 300.2 -46.2223
 300.4 -46.2216
 300.6 -46.2196
 300.8 -46.2162
 301 -46.2113
 301.2 -46.2049
 301.4 -46.197
 301.6 -46.1877
 301.8 -46.1768
 302 -46.1646
 302.2 -46.151
 302.4 -46.136
 302.6 -46.1199
 302.8 -46.1025
 303 -46.0839
 303.2 -46.0643
 303.4 -46.0436
 303.6 -46.0219
 303.8 -45.9993
 304 -45.9759
 304.2 -45.9515
 304.4 -45.9265
 304.6 -45.9006
 304.8 -45.8741
 305 -45.8469
 305.2 -45.8191
 305.4 -45.7907
 305.6 -45.7618
 305.8 -45.7324
 306 -45.7025
 306.2 -45.6721
 306.4 -45.6413
 306.6 -45.6101
 306.8 -45.5786
 307 -45.5467
 307.2 -45.5144
 307.4 -45.4819
 307.6 -45.4491
 307.8 -45.416
 308 -45.3826
 308.2 -45.3491
 308.4 -45.3153
 308.6 -45.2813
 308.8 -45.2471
 309 -45.2127
 309.2 -45.1782
 309.4 -45.1436
 309.6 -45.1088
 309.8 -45.0739
 310 -45.0388
 310.2 -45.0037
 310.4 -44.9684
 310.6 -44.9331
 310.8 -44.8977
 311 -44.8622
 311.2 -44.8266
 311.4 -44.7909
 311.6 -44.7553
 311.8 -44.7195
 312 -44.6837
 312.2 -44.6479
 312.4 -44.612
 312.6 -44.5761
 312.8 -44.5402
 313 -44.5043
 313.2 -44.4683
 313.4 -44.4323
 313.6 -44.3963
 313.8 -44.3603
 314 -44.3242
 314.2 -44.2882
 314.4 -44.2521
 314.6 -44.2161
 314.8 -44.18
 315 -44.1439
 315.2 -44.1079
 315.4 -44.0718
 315.6 -44.0357
 315.8 -43.9996
 316 -43.9635
 316.2 -43.9275
 316.4 -43.8914
 316.6 -43.8553
 316.8 -43.8192
 317 -43.7831
 317.2 -43.747
 317.4 -43.7109
 317.6 -43.6748
 317.8 -43.6387
 318 -43.6026
 318.2 -43.5664
 318.4 -43.5303
 318.6 -43.4941
 318.8 -43.4579
 319 -43.4217
 319.2 -43.3855
 319.4 -43.3493
 319.6 -43.313
 319.8 -43.2767
 320 -43.2404
 320.2 -43.204
 320.4 -43.1676
 320.6 -43.1312
 320.8 -43.0947
 321 -43.0581
 321.2 -43.0215
 321.4 -42.9849
 321.6 -42.9482
 321.8 -42.9114
 322 -42.8745
 322.2 -42.8376
 322.4 -42.8006
 322.6 -42.7635
 322.8 -42.7263
 323 -42.689
 323.2 -42.6516
 323.4 -42.614
 323.6 -42.5764
 323.8 -42.5386
 324 -42.5007
 324.2 -42.4626
 324.4 -42.4244
 324.6 -42.3861
 324.8 -42.3475
 325 -42.3088
 325.2 -42.2699
 325.4 -42.2307
 325.6 -42.1914
 325.8 -42.1518
 326 -42.112
 326.2 -42.072
 326.4 -42.0316
 326.6 -41.991
 326.8 -41.9501
 327 -41.9089
 327.2 -41.8673
 327.4 -41.8254
 327.6 -41.7831
 327.8 -41.7404
 328 -41.6973
 328.2 -41.6538
 328.4 -41.6098
 328.6 -41.5653
 328.8 -41.5202
 329 -41.4746
 329.2 -41.4284
 329.4 -41.3816
 329.6 -41.3341
 329.8 -41.2859
 330 -41.2369
 330.2 -41.1871
 330.4 -41.1365
 330.6 -41.0849
 330.8 -41.0323
 331 -40.9786
 331.2 -40.9238
 331.4 -40.8677
 331.6 -40.8103
 331.8 -40.7514
 332 -40.691
 332.2 -40.6288
 332.4 -40.5647
 332.6 -40.4986
 332.8 -40.4303
 333 -40.3595
 333.2 -40.2859
 333.4 -40.2093
 333.6 -40.1293
 333.8 -40.0455
 334 -39.9574
 334.2 -39.8644
 334.4 -39.7658
 334.6 -39.6607
 334.8 -39.5481
 335 -39.4267
 335.2 -39.2946
 335.4 -39.1499
 335.6 -38.9895
 335.8 -38.8093
 336 -38.604
 336.2 -38.3653
 336.4 -38.0808
 336.6 -37.7305
 336.8 -37.2797
 337 -36.6612
 337.2 -35.7263
 337.4 -34.0644
 337.6 -30.0693
 337.8 -13.3885
 338 25.6905
 338.2 26.5291
 338.4 16.0753
 338.6 3.5511
 338.8 -7.71183
 339 -17.1799
 339.2 -25.417
 339.4 -32.8539
 339.6 -38.7535
 339.8 -42.5442
 340 -44.585
 340.2 -45.6656
 340.4 -46.2481
 340.6 -46.5593
 340.8 -46.7158
 341 -46.7825
 341.2 -46.7973
 341.4 -46.7837
 341.6 -46.7565
 341.8 -46.7246
 342 -46.6933
 342.2 -46.6656
 342.4 -46.6428
 342.6 -46.6252
 342.8 -46.6126
 343 -46.6045
 343.2 -46.5999
 343.4 -46.5983
 343.6 -46.5987
 343.8 -46.6005
 344 -46.603
 344.2 -46.6058
 344.4 -46.6083
 344.6 -46.6103
 344.8 -46.6114
 345 -46.6115
 345.2 -46.6103
 345.4 -46.6079
 345.6 -46.604
 345.8 -46.5987
 346 -46.5919
 346.2 -46.5837
 346.4 -46.5741
 346.6 -46.563
 346.8 -46.5507
 347 -46.537
 347.2 -46.5221
 347.4 -46.506
 347.6 -46.4887
 347.8 -46.4703
 348 -46.451
 348.2 -46.4306
 348.4 -46.4093
 348.6 -46.3871
 348.8 -46.3641
 349 -46.3403
 349.2 -46.3158
 349.4 -46.2905
 349.6 -46.2647
 349.8 -46.2382
 350 -46.2111
 350.2 -46.1835
 350.4 -46.1554
 350.6 -46.1268
 350.8 -46.0977
 351 -46.0682
 351.2 -46.0384
 351.4 -46.0081
 351.6 -45.9775
 351.8 -45.9466
 352 -45.9154
 352.2 -45.884
 352.4 -45.8522
 352.6 -45.8203
 352.8 -45.7881
 353 -45.7557
 353.2 -45.7231
 353.4 -45.6903
 353.6 -45.6574
 353.8 -45.6243
 354 -45.5911
 354.2 -45.5577
 354.4 -45.5243
 354.6 -45.4907
 354.8 -45.457
 355 -45.4233
 355.2 -45.3895
 355.4 -45.3556
 355.6 -45.3217
 355.8 -45.2877
 356 -45.2537
 356.2 -45.2196
 356.4 -45.1855
 356.6 -45.1514
 356.8 -45.1172
 357 -45.083
 357.2 -45.0489
 357.4 -45.0147
 357.6 -44.9805
 357.8 -44.9464
 358 -44.9122
 358.2 -44.878
 358.4 -44.8439
 358.6 -44.8098
 358.8 -44.7757
 359 -44.7416
 359.2 -44.7075
 359.4 -44.6735
 359.6 -44.6395
 359.8 -44.6055
 360 -44.5716
 360.2 -44.5376
 360.4 -44.5038
 360.6 -44.4699
 360.8 -44.4361
 361 -44.4024
 361.2 -44.3686
 361.4 -44.3349
 361.6 -44.3013
 361.8 -44.2677
 362 -44.2341
 362.2 -44.2006
 362.4 -44.1671
 362.6 -44.1337
 362.8 -44.1002
 363 -44.0669
 363.2 -44.0336
 363.4 -44.0003
 363.6 -43.967
 363.8 -43.9338
 364 -43.9006
 364.2 -43.8675
 364.4 -43.8344
 364.6 -43.8013
 364.8 -43.7682
 365 -43.7352
 365.2 -43.7023
 365.4 -43.6693
 365.6 -43.6364
 365.8 -43.6035
 366 -43.5706
 366.2 -43.5378
 366.4 -43.5049
 366.6 -43.4721
 366.8 -43.4393
 367 -43.4065
 367.2 -43.3738
 367.4 -43.341
 367.6 -43.3082
 367.8 -43.2755
 368 -43.2427
 368.2 -43.21
 368.4 -43.1773
 368.6 -43.1445
 368.8 -43.1117
 369 -43.079
 369.2 -43.0462
 369.4 -43.0134
 369.6 -42.9805
 369.8 -42.9477
 370 -42.9148
 370.2 -42.8819
 370.4 -42.8489
 370.6 -42.8159
 370.8 -42.7829
 371 -42.7498
 371.2 -42.7166
 371.4 -42.6834
 371.6 -42.6502
 371.8 -42.6168
 372 -42.5834
 372.2 -42.5499
 372.4 -42.5163
 372.6 -42.4827
 372.8 -42.4489
 373 -42.415
 373.2 -42.381
 373.4 -42.3469
 373.6 -42.3127
 373.8 -42.2783
 374 -42.2438
 374.2 -42.2092
 374.4 -42.1744
 374.6 -42.1394
 374.8 -42.1042
 375 -42.0689
 375.2 -42.0333
 375.4 -41.9976
 375.6 -41.9616
 375.8 -41.9254
 376 -41.8889
 376.2 -41.8522
 376.4 -41.8152
 376.6 -41.7779
 376.8 -41.7404
 377 -41.7025
 377.2 -41.6642
 377.4 -41.6256
 377.6 -41.5866
 377.8 -41.5472
 378 -41.5074
 378.2 -41.4671
 378.4 -41.4264
 378.6 -41.3851
 378.8 -41.3433
 379 -41.301
 379.2 -41.258
 379.4 -41.2144
 379.6 -41.1701
 379.8 -41.1251
 380 -41.0793
 380.2 -41.0327
 380.4 -40.9852
 380.6 -40.9368
 380.8 -40.8873
 381 -40.8368
 381.2 -40.7851
 381.4 -40.7321
 381.6 -40.6777
 381.8 -40.6219
 382 -40.5644
 382.2 -40.5052
 382.4 -40.4442
 382.6 -40.381
 382.8 -40.3155
 383 -40.2475
 383.2 -40.1766
 383.4 -40.1027
 383.6 -40.0253
 383.8 -39.9439
 384 -39.8581
 384.2 -39.7673
 384.4 -39.6706
 384.6 -39.5673
 384.8 -39.4561
 385 -39.3357
 385.2 -39.2041
 385.4 -39.0592
 385.6 -38.8976
 385.8 -38.715
 386 -38.5052
 386.2 -38.2592
 386.4 -37.9628
 386.6 -37.5929
 386.8 -37.1083
 387 -36.4265
 387.2 -35.3552
 387.4 -33.32
 387.6 -27.7581
 387.8 -1.59109
 388 27.1887
 388.2 24.4725
 388.4 13.2194
 388.6 0.970211
 388.8 -9.77284
 389 -18.8015
 389.2 -26.7024
 389.4 -33.7256
 389.6 -39.1305
 389.8 -42.5618
 390 -44.445
 390.2 -45.4717
 390.4 -46.0408
 390.6 -46.3537
 390.8 -46.5175
 391 -46.5933
 391.2 -46.618
 391.4 -46.6145
 391.6 -46.5972
 391.8 -46.5748
 392 -46.5525
 392.2 -46.5332
 392.4 -46.5182
 392.6 -46.5079
 392.8 -46.502
 393 -46.5
 393.2 -46.5012
 393.4 -46.505
 393.6 -46.5105
 393.8 -46.5171
 394 -46.5243
 394.2 -46.5316
 394.4 -46.5385
 394.6 -46.5448
 394.8 -46.5502
 395 -46.5545
 395.2 -46.5575
 395.4 -46.5593
 395.6 -46.5596
 395.8 -46.5584
 396 -46.5559
 396.2 -46.5519
 396.4 -46.5465
 396.6 -46.5397
 396.8 -46.5315
 397 -46.5221
 397.2 -46.5114
 397.4 -46.4996
 397.6 -46.4866
 397.8 -46.4725
 398 -46.4573
 398.2 -46.4412
 398.4 -46.4242
 398.6 -46.4062
 398.8 -46.3874
 399 -46.3679
 399.2 -46.3476
 399.4 -46.3265
 399.6 -46.3048
 399.8 -46.2825
 400 -46.2596
 400.2 -46.2361
 400.4 -46.2121
 400.6 -46.1876
 400.8 -46.1626
 401 -46.1372
 401.2 -46.1114
 401.4 -46.0851
 401.6 -46.0586
 401.8 -46.0316
 402 -46.0044
 402.2 -45.9768
 402.4 -45.949
 402.6 -45.9209
 402.8 -45.8926
 403 -45.864
 403.2 -45.8353
 403.4 -45.8063
 403.6 -45.7771
 403.8 -45.7478
 404 -45.7183
 404.2 -45.6887
 404.4 -45.6589
 404.6 -45.629
 404.8 -45.599
 405 -45.5689
 405.2 -45.5387
 405.4 -45.5084
 405.6 -45.4781
 405.8 -45.4476
 406 -45.4172
 406.2 -45.3866
 406.4 -45.356
 406.6 -45.3254
 406.8 -45.2947
 407 -45.264
 407.2 -45.2333
 407.4 -45.2025
 407.6 -45.1718
 407.8 -45.141
 408 -45.1102
 408.2 -45.0794
 408.4 -45.0487
 408.6 -45.0179
 408.8 -44.9871
 409 -44.9564
 409.2 -44.9256
 409.4 -44.8949
 409.6 -44.8642
 409.8 -44.8336
 410 -44.8029
 410.2 -44.7723
 410.4 -44.7417
 410.6 -44.7111
 410.8 -44.6806
 411 -44.6501
 411.2 -44.6197
 411.4 -44.5893
 411.6 -44.5589
 411.8 -44.5286
 412 -44.4983
 412.2 -44.468
 412.4 -44.4378
 412.6 -44.4077
 412.8 -44.3775
 413 -44.3475
 413.2 -44.3174
 413.4 -44.2874
 413.6 -44.2575
 413.8 -44.2276
 414 -44.1978
 414.2 -44.168
 414.4 -44.1382
 414.6 -44.1085
 414.8 -44.0789
 415 -44.0493
 415.2 -44.0197
 415.4 -43.9902
 415.6 -43.9607
 415.8 -43.9313
 416 -43.9019
 416.2 -43.8725
 416.4 -43.8432
 416.6 -43.814
 416.8 -43.7848
 417 -43.7556
 417.2 -43.7264
 417.4 -43.6973
 417.6 -43.6683
 417.8 -43.6393
 418 -43.6103
 418.2 -43.5813
 418.4 -43.5524
 418.6 -43.5235
 418.8 -43.4946
 419 -43.4658
 419.2 -43.437
 419.4 -43.4083
 419.6 -43.3795
 419.8 -43.3508
 420 -43.3221
 420.2 -43.2934
 420.4 -43.2647
 420.6 -43.2361
 420.8 -43.2075
 421 -43.1788
 421.2 -43.1502
 421.4 -43.1216
 421.6 -43.093
 421.8 -43.0645
 422 -43.0359
 422.2 -43.0073
 422.4 -42.9787
 422.6 -42.9501
 422.8 -42.9215
 423 -42.8929
 423.2 -42.8643
 423.4 -42.8357
 423.6 -42.807
 423.8 -42.7783
 424 -42.7496
 424.2 -42.7209
 424.4 -42.6922
 424.6 -42.6634
 424.8 -42.6345
 425 -42.6057
 425.2 -42.5768
 425.4 -42.5478
 425.6 -42.5188
 425.8 -42.4897
 426 -42.4606
 426.2 -42.4314
 426.4 -42.4021
 426.6 -42.3728
 426.8 -42.3434
 427 -42.3139
 427.2 -42.2843
 427.4 -42.2546
 427.6 -42.2248
 427.8 -42.1949
 428 -42.1649
 428.2 -42.1348
 428.4 -42.1045
 428.6 -42.0741
 428.8 -42.0436
 429 -42.0129
 429.2 -41.9821
 429.4 -41.9511
 429.6 -41.9199
 429.8 -41.8886
 430 -41.857
 430.2 -41.8253
 430.4 -41.7934
 430.6 -41.7612
 430.8 -41.7288
 431 -41.6961
 431.2 -41.6632
 431.4 -41.63
 431.6 -41.5965
 431.8 -41.5628
 432 -41.5287
 432.2 -41.4942
 432.4 -41.4595
 432.6 -41.4243
 432.8 -41.3887
 433 -41.3528
 433.2 -41.3164
 433.4 -41.2795
 433.6 -41.2422
 433.8 -41.2043
 434 -41.1659
 434.2 -41.1269
 434.4 -41.0873
 434.6 -41.047
 434.8 -41.006
 435 -40.9643
 435.2 -40.9218
 435.4 -40.8785
 435.6 -40.8343
 435.8 -40.7891
 436 -40.7428
 436.2 -40.6955
 436.4 -40.647
 436.6 -40.5972
 436.8 -40.546
 437 -40.4933
 437.2 -40.439
 437.4 -40.3828
 437.6 -40.3248
 437.8 -40.2646
 438 -40.2021
 438.2 -40.137
 438.4 -40.069
 438.6 -39.9978
 438.8 -39.9231
 439 -39.8443
 439.2 -39.761
 439.4 -39.6724
 439.6 -39.5779
 439.8 -39.4765
 440 -39.3669
 440.2 -39.2477
 440.4 -39.1169
 440.6 -38.9719
 440.8 -38.8094
 441 -38.6246
 441.2 -38.4108
 441.4 -38.1578
 441.6 -37.8498
 441.8 -37.4603
 442 -36.9408
 442.2 -36.1914
 442.4 -34.9664
 442.6 -32.4708
 442.8 -24.6691
 443 11.0059
 443.2 27.5871
 443.4 21.792
 443.6 9.98972
 443.8 -1.8738
 444 -12.075
 444.2 -20.7174
 444.4 -28.3555
 444.6 -34.9605
 444.8 -39.8693
 445 -42.8876
 445.2 -44.55
 445.4 -45.4697
 445.6 -45.985
 445.8 -46.27
 446 -46.4194
 446.2 -46.4887
 446.4 -46.5115
 446.6 -46.509
 446.8 -46.4943
 447 -46.4756
 447.2 -46.4575
 447.4 -46.4425
 447.6 -46.4319
 447.8 -46.4258
 448 -46.4241
 448.2 -46.426
 448.4 -46.4311
 448.6 -46.4384
 448.8 -46.4475
 449 -46.4575
 449.2 -46.468
 449.4 -46.4785
 449.6 -46.4887
 449.8 -46.4982
 450 -46.5067
 450.2 -46.5142
 450.4 -46.5204
 450.6 -46.5252
 450.8 -46.5287
 451 -46.5308
 451.2 -46.5314
 451.4 -46.5306
 451.6 -46.5284
 451.8 -46.5249
 452 -46.52
 452.2 -46.5139
 452.4 -46.5065
 452.6 -46.4979
 452.8 -46.4882
 453 -46.4774
 453.2 -46.4656
 453.4 -46.4528
 453.6 -46.439
 453.8 -46.4244
 454 -46.4089
 454.2 -46.3927
 454.4 -46.3757
 454.6 -46.3579
 454.8 -46.3395
 455 -46.3205
 455.2 -46.3009
 455.4 -46.2807
 455.6 -46.2599
 455.8 -46.2387
 456 -46.2169
 456.2 -46.1947
 456.4 -46.1721
 456.6 -46.1491
 456.8 -46.1257
 457 -46.102
 457.2 -46.0779
 457.4 -46.0535
 457.6 -46.0288
 457.8 -46.0039
 458 -45.9786
 458.2 -45.9532
 458.4 -45.9275
 458.6 -45.9016
 458.8 -45.8755
 459 -45.8492
 459.2 -45.8227
 459.4 -45.7961
 459.6 -45.7693
 459.8 -45.7424
 460 -45.7154
 460.2 -45.6882
 460.4 -45.6609
 460.6 -45.6336
 460.8 -45.6061
 461 -45.5786
 461.2 -45.551
 461.4 -45.5233
 461.6 -45.4956
 461.8 -45.4678
 462 -45.4399
 462.2 -45.412
 462.4 -45.3841
 462.6 -45.3562
 462.8 -45.3282
 463 -45.3002
 463.2 -45.2722
 463.4 -45.2442
 463.6 -45.2161
 463.8 -45.1881
 464 -45.1601
 464.2 -45.132
 464.4 -45.104
 464.6 -45.076
 464.8 -45.048
 465 -45.02
 465.2 -44.9921
 465.4 -44.9641
 465.6 -44.9362
 465.8 -44.9083
 466 -44.8805
 466.2 -44.8527
 466.4 -44.8249
 466.6 -44.7971
 466.8 -44.7694
 467 -44.7417
 467.2 -44.7141
 467.4 -44.6864
 467.6 -44.6589
 467.8 -44.6314
 468 -44.6039
 468.2 -44.5765
 468.4 -44.5491
 468.6 -44.5217
 468.8 -44.4944
 469 -44.4672
 469.2 -44.44
 469.4 -44.4129
 469.6 -44.3858
 469.8 -44.3587
 470 -44.3318
 470.2 -44.3048
 470.4 -44.2779
 470.6 -44.2511
 470.8 -44.2243
 471 -44.1976
 471.2 -44.1709
 471.4 -44.1443
 471.6 -44.1177
 471.8 -44.0912
 472 -44.0648
 472.2 -44.0383
 472.4 -44.012
 472.6 -43.9857
 472.8 -43.9594
 473 -43.9332
 473.2 -43.9071
 473.4 -43.881
 473.6 -43.8549
 473.8 -43.8289
 474 -43.8029
 474.2 -43.777
 474.4 -43.7512
 474.6 -43.7254
 474.8 -43.6996
 475 -43.6739
 475.2 -43.6482
 475.4 -43.6226
 475.6 -43.597
 475.8 -43.5715
 476 -43.546
 476.2 -43.5205
 476.4 -43.4951
 476.6 -43.4697
 476.8 -43.4444
 477 -43.4191
 477.2 -43.3938
 477.4 -43.3686
 477.6 -43.3434
 477.8 -43.3182
 478 -43.2931
 478.2 -43.268
 478.4 -43.2429
 478.6 -43.2178
 478.8 -43.1928
 479 -43.1678
 479.2 -43.1429
 479.4 -43.1179
 479.6 -43.093
 479.8 -43.0681
 480 -43.0432
 480.2 -43.0183
 480.4 -42.9935
 480.6 -42.9686
 480.8 -42.9438
 481 -42.919
 481.2 -42.8942
 481.4 -42.8694
 481.6 -42.8446
 481.8 -42.8198
 482 -42.795
 482.2 -42.7702
 482.4 -42.7454
 482.6 -42.7205
 482.8 -42.6957
 483 -42.6709
 483.2 -42.646
 483.4 -42.6212
 483.6 -42.5963
 483.8 -42.5714
 484 -42.5465
 484.2 -42.5216
 484.4 -42.4966
 484.6 -42.4716
 484.8 -42.4465
 485 -42.4215
 485.2 -42.3964
 485.4 -42.3712
 485.6 -42.346
 485.8 -42.3207
 486 -42.2954
 486.2 -42.2701
 486.4 -42.2446
 486.6 -42.2191
 486.8 -42.1936
 487 -42.1679
 487.2 -42.1422
 487.4 -42.1164
 487.6 -42.0906
 487.8 -42.0646
 488 -42.0385
 488.2 -42.0124
 488.4 -41.9861
 488.6 -41.9597
 488.8 -41.9332
 489 -41.9066
 489.2 -41.8798
 489.4 -41.8529
 489.6 -41.8259
 489.8 -41.7987
 490 -41.7713
 490.2 -41.7438
 490.4 -41.7161
 490.6 -41.6883
 490.8 -41.6602
 491 -41.6319
 491.2 -41.6035
 491.4 -41.5748
 491.6 -41.5458
 491.8 -41.5167
 492 -41.4872
 492.2 -41.4575
 492.4 -41.4276
 492.6 -41.3973
 492.8 -41.3667
 493 -41.3358
 493.2 -41.3046
 493.4 -41.273
 493.6 -41.241
 493.8 -41.2086
 494 -41.1758
 494.2 -41.1425
 494.4 -41.1088
 494.6 -41.0746
 494.8 -41.0398
 495 -41.0045
 495.2 -40.9686
 495.4 -40.9321
 495.6 -40.895
 495.8 -40.8571
 496 -40.8185
 496.2 -40.7791
 496.4 -40.7388
 496.6 -40.6976
 496.8 -40.6555
 497 -40.6124
 497.2 -40.5681
 497.4 -40.5226
 497.6 -40.4758
 497.8 -40.4276
 498 -40.378
 498.2 -40.3266
 498.4 -40.2735
 498.6 -40.2184
 498.8 -40.1612
 499 -40.1016
 499.2 -40.0394
 499.4 -39.9743
 499.6 -39.906
 499.8 -39.8341
 500 -39.7581
 500.2 -39.6775
 500.4 -39.5916
 500.6 -39.4996
 500.8 -39.4005
 501 -39.2932
 501.2 -39.176
 501.4 -39.0469
 501.6 -38.9033
 501.8 -38.7416
 502 -38.5569
 502.2 -38.3419
 502.4 -38.086
 502.6 -37.7723
 502.8 -37.3719
 503 -36.8317
 503.2 -36.0397
 503.4 -34.712
 503.6 -31.8823
 503.8 -22.2702
 504 17.2056
 504.2 27.5511
 504.4 20.0843
 504.6 8.04924
 504.8 -3.5747
 505 -13.4955
 505.2 -21.9938
 505.4 -29.5635
 505.6 -35.9744
 505.8 -40.6083
 506 -43.3617
 506.2 -44.8675
 506.4 -45.7009
 506.6 -46.1665
 506.8 -46.4214
 507 -46.5524
 507.2 -46.6104
 507.4 -46.6267
 507.6 -46.6207
 507.8 -46.6047
 508 -46.586
 508.2 -46.5687
 508.4 -46.5552
 508.6 -46.5463
 508.8 -46.5421
 509 -46.5422
 509.2 -46.5461
 509.4 -46.553
 509.6 -46.5621
 509.8 -46.5728
 510 -46.5844
 510.2 -46.5964
 510.4 -46.6084
 510.6 -46.62
 510.8 -46.6308
 511 -46.6406
 511.2 -46.6493
 511.4 -46.6568
 511.6 -46.6629
 511.8 -46.6676
 512 -46.6709
 512.2 -46.6727
 512.4 -46.6731
 512.6 -46.6721
 512.8 -46.6698
 513 -46.6661
 513.2 -46.6611
 513.4 -46.655
 513.6 -46.6476
 513.8 -46.6391
 514 -46.6295
 514.2 -46.619
 514.4 -46.6074
 514.6 -46.5949
 514.8 -46.5815
 515 -46.5673
 515.2 -46.5524
 515.4 -46.5366
 515.6 -46.5202
 515.8 -46.5031
 516 -46.4853
 516.2 -46.467
 516.4 -46.4481
 516.6 -46.4286
 516.8 -46.4087
 517 -46.3883
 517.2 -46.3674
 517.4 -46.3461
 517.6 -46.3244
 517.8 -46.3024
 518 -46.28
 518.2 -46.2572
 518.4 -46.2342
 518.6 -46.2108
 518.8 -46.1872
 519 -46.1633
 519.2 -46.1392
 519.4 -46.1149
 519.6 -46.0904
 519.8 -46.0656
 520 -46.0407
 520.2 -46.0156
 520.4 -45.9904
 520.6 -45.965
 520.8 -45.9395
 521 -45.9138
 521.2 -45.8881
 521.4 -45.8622
 521.6 -45.8362
 521.8 -45.8102
 522 -45.7841
 522.2 -45.7579
 522.4 -45.7316
 522.6 -45.7053
 522.8 -45.6789
 523 -45.6525
 523.2 -45.6261
 523.4 -45.5996
 523.6 -45.5731
 523.8 -45.5466
 524 -45.52
 524.2 -45.4935
 524.4 -45.4669
 524.6 -45.4403
 524.8 -45.4138
 525 -45.3872
 525.2 -45.3607
 525.4 -45.3342
 525.6 -45.3076
 525.8 -45.2811
 526 -45.2547
 526.2 -45.2282
 526.4 -45.2018
 526.6 -45.1754
 526.8 -45.149
 527 -45.1227
 527.2 -45.0964
 527.4 -45.0702
 527.6 -45.044
 527.8 -45.0178
 528 -44.9917
 528.2 -44.9656
 528.4 -44.9396
 528.6 -44.9136
 528.8 -44.8877
 529 -44.8618
 529.2 -44.836
 529.4 -44.8102
 529.6 -44.7845
 529.8 -44.7588
 530 -44.7332
 530.2 -44.7077
 530.4 -44.6822
 530.6 -44.6568
 530.8 -44.6314
 531 -44.6061
 531.2 -44.5809
 531.4 -44.5557
 531.6 -44.5306
 531.8 -44.5055
 532 -44.4805
 532.2 -44.4556
 532.4 -44.4308
 532.6 -44.406
 532.8 -44.3812
 533 -44.3566
 533.2 -44.3319
 533.4 -44.3074
 533.6 -44.2829
 533.8 -44.2585
 534 -44.2342
 534.2 -44.2099
 534.4 -44.1857
 534.6 -44.1615
 534.8 -44.1374
 535 -44.1134
 535.2 -44.0895
 535.4 -44.0656
 535.6 -44.0417
 535.8 -44.018
 536 -43.9942
 536.2 -43.9706
 536.4 -43.947
 536.6 -43.9235
 536.8 -43.9
 537 -43.8766
 537.2 -43.8533
 537.4 -43.83
 537.6 -43.8068
 537.8 -43.7837
 538 -43.7606
 538.2 -43.7375
 538.4 -43.7145
 538.6 -43.6916
 538.8 -43.6687
 539 -43.6459
 539.2 -43.6232
 539.4 -43.6005
 539.6 -43.5778
 539.8 -43.5552
 540 -43.5327
 540.2 -43.5102
 540.4 -43.4877
 540.6 -43.4653
 540.8 -43.443
 541 -43.4207
 541.2 -43.3984
 541.4 -43.3762
 541.6 -43.3541
 541.8 -43.332
 542 -43.3099
 542.2 -43.2879
 542.4 -43.2659
 542.6 -43.244
 542.8 -43.2221
 543 -43.2002
 543.2 -43.1784
 543.4 -43.1566
 543.6 -43.1349
 543.8 -43.1132
 544 -43.0915
 544.2 -43.0698
 544.4 -43.0482
 544.6 -43.0267
 544.8 -43.0051
 545 -42.9836
 545.2 -42.9621
 545.4 -42.9406
 545.6 -42.9192
 545.8 -42.8978
 546 -42.8764
 546.2 -42.855
 546.4 -42.8336
 546.6 -42.8123
 546.8 -42.791
 547 -42.7697
 547.2 -42.7484
 547.4 -42.7271
 547.6 -42.7059
 547.8 -42.6846
 548 -42.6634
 548.2 -42.6421
 548.4 -42.6209
 548.6 -42.5996
 548.8 -42.5784
 549 -42.5572
 549.2 -42.536
 549.4 -42.5147
 549.6 -42.4935
 549.8 -42.4722
 550 -42.451
 550.2 -42.4297
 550.4 -42.4084
 550.6 -42.3871
 550.8 -42.3658
 551 -42.3445
 551.2 -42.3231
 551.4 -42.3017
 551.6 -42.2803
 551.8 -42.2589
 552 -42.2374
 552.2 -42.2159
 552.4 -42.1943
 552.6 -42.1728
 552.8 -42.1511
 553 -42.1295
 553.2 -42.1077
 553.4 -42.086
 553.6 -42.0641
 553.8 -42.0423
 554 -42.0203
 554.2 -41.9983
 554.4 -41.9762
 554.6 -41.9541
 554.8 -41.9318
 555 -41.9095
 555.2 -41.8872
 555.4 -41.8647
 555.6 -41.8421
 555.8 -41.8194
 556 -41.7967
 556.2 -41.7738
 556.4 -41.7508
 556.6 -41.7277
 556.8 -41.7045
 557 -41.6811
 557.2 -41.6577
 557.4 -41.634
 557.6 -41.6103
 557.8 -41.5863
 558 -41.5623
 558.2 -41.538
 558.4 -41.5136
 558.6 -41.489
 558.8 -41.4642
 559 -41.4392
 559.2 -41.414
 559.4 -41.3885
 559.6 -41.3629
 559.8 -41.337
 560 -41.3109
 560.2 -41.2844
 560.4 -41.2578
 560.6 -41.2308
 560.8 -41.2035
 561 -41.1759
 561.2 -41.148
 561.4 -41.1197
 561.6 -41.0911
 561.8 -41.062
 562 -41.0326
 562.2 -41.0027
 562.4 -40.9724
 562.6 -40.9416
 562.8 -40.9103
 563 -40.8785
 563.2 -40.8461
 563.4 -40.8131
 563.6 -40.7795
 563.8 -40.7452
 564 -40.7102
 564.2 -40.6745
 564.4 -40.6379
 564.6 -40.6005
 564.8 -40.5622
 565 -40.5229
 565.2 -40.4826
 565.4 -40.4411
 565.6 -40.3984
 565.8 -40.3544
 566 -40.309
 566.2 -40.2621
 566.4 -40.2135
 566.6 -40.1631
 566.8 -40.1107
 567 -40.0561
 567.2 -39.9991
 567.4 -39.9395
 567.6 -39.8769
 567.8 -39.811
 568 -39.7415
 568.2 -39.6677
 568.4 -39.5893
 568.6 -39.5054
 568.8 -39.4153
 569 -39.3178
 569.2 -39.2118
 569.4 -39.0956
 569.6 -38.967
 569.8 -38.8232
 570 -38.6604
 570.2 -38.4733
 570.4 -38.2539
 570.6 -37.9907
 570.8 -37.6645
 571 -37.2429
 571.2 -36.6638
 571.4 -35.7925
 571.6 -34.2687
 571.8 -30.7561
 572 -17.1054
 572.2 23.6085
 572.4 26.9806
 572.6 17.5495
 572.8 5.29315
 573 -6.03032
 573.2 -15.6416
 573.4 -24.0104
 573.6 -31.533
 573.8 -37.6749
 574 -41.8551
 574.2 -44.2002
 574.4 -45.4649
 574.6 -46.1593
 574.8 -46.5405
 575 -46.742
 575.2 -46.8384
 575.4 -46.8739
 575.6 -46.8758
 575.8 -46.8608
 576 -46.8393
 576.2 -46.8175
 576.4 -46.7988
 576.6 -46.7848
 576.8 -46.776
 577 -46.7722
 577.2 -46.7729
 577.4 -46.7773
 577.6 -46.7846
 577.8 -46.7942
 578 -46.8051
 578.2 -46.8169
 578.4 -46.829
 578.6 -46.8409
 578.8 -46.8523
 579 -46.8629
 579.2 -46.8725
 579.4 -46.8809
 579.6 -46.888
 579.8 -46.8937
 580 -46.898
 580.2 -46.9008
 580.4 -46.9022
 580.6 -46.9022
 580.8 -46.9008
 581 -46.898
 581.2 -46.8939
 581.4 -46.8885
 581.6 -46.882
 581.8 -46.8742
 582 -46.8654
 582.2 -46.8555
 582.4 -46.8446
 582.6 -46.8328
 582.8 -46.82
 583 -46.8064
 583.2 -46.7919
 583.4 -46.7768
 583.6 -46.7608
 583.8 -46.7442
 584 -46.727
 584.2 -46.7091
 584.4 -46.6906
 584.6 -46.6717
 584.8 -46.6522
 585 -46.6322
 585.2 -46.6118
 585.4 -46.5909
 585.6 -46.5696
 585.8 -46.548
 586 -46.526
 586.2 -46.5037
 586.4 -46.4811
 586.6 -46.4581
 586.8 -46.4349
 587 -46.4115
 587.2 -46.3878
 587.4 -46.3639
 587.6 -46.3398
 587.8 -46.3155
 588 -46.291
 588.2 -46.2664
 588.4 -46.2416
 588.6 -46.2167
 588.8 -46.1916
 589 -46.1664
 589.2 -46.1411
 589.4 -46.1158
 589.6 -46.0903
 589.8 -46.0648
 590 -46.0391
 590.2 -46.0135
 590.4 -45.9877
 590.6 -45.962
 590.8 -45.9361
 591 -45.9103
 591.2 -45.8844
 591.4 -45.8585
 591.6 -45.8326
 591.8 -45.8067
 592 -45.7807
 592.2 -45.7548
 592.4 -45.7288
 592.6 -45.7029
 592.8 -45.677
 593 -45.6511
 593.2 -45.6252
 593.4 -45.5994
 593.6 -45.5735
 593.8 -45.5477
 594 -45.522
 594.2 -45.4962
 594.4 -45.4706
 594.6 -45.4449
 594.8 -45.4193
 595 -45.3937
 595.2 -45.3682
 595.4 -45.3428
 595.6 -45.3173
 595.8 -45.292
 596 -45.2667
 596.2 -45.2414
 596.4 -45.2162
 596.6 -45.1911
 596.8 -45.1661
 597 -45.1411
 597.2 -45.1161
 597.4 -45.0912
 597.6 -45.0664
 597.8 -45.0417
 598 -45.017
 598.2 -44.9924
 598.4 -44.9679
 598.6 -44.9435
 598.8 -44.9191
 599 -44.8948
 599.2 -44.8705
 599.4 -44.8464
 599.6 -44.8223
 599.8 -44.7983
 600 -44.7743
 600.2 -44.7504
 600.4 -44.7267
 600.6 -44.7029
 600.8 -44.6793
 601 -44.6557
 601.2 -44.6323
 601.4 -44.6089
 601.6 -44.5855
 601.8 -44.5623
 602 -44.5391
 602.2 -44.516
 602.4 -44.493
 602.6 -44.4701
 602.8 -44.4472
 603 -44.4244
 603.2 -44.4017
 603.4 -44.3791
 603.6 -44.3565
 603.8 -44.334
 604 -44.3116
 604.2 -44.2893
 604.4 -44.2671
 604.6 -44.2449
 604.8 -44.2228
 605 -44.2008
 605.2 -44.1788
 605.4 -44.157
 605.6 -44.1352
 605.8 -44.1135
 606 -44.0918
 606.2 -44.0702
 606.4 -44.0488
 606.6 -44.0273
 606.8 -44.006
 607 -43.9847
 607.2 -43.9635
 607.4 -43.9424
 607.6 -43.9213
 607.8 -43.9003
 608 -43.8794
 608.2 -43.8585
 608.4 -43.8377
 608.6 -43.817
 608.8 -43.7964
 609 -43.7758
 609.2 -43.7553
 609.4 -43.7348
 609.6 -43.7145
 609.8 -43.6941
 610 -43.6739
 610.2 -43.6537
 610.4 -43.6336
 610.6 -43.6135
 610.8 -43.5935
 611 -43.5736
 611.2 -43.5537
 611.4 -43.5339
 611.6 -43.5142
 611.8 -43.4945
 612 -43.4748
 612.2 -43.4553
 612.4 -43.4358
 612.6 -43.4163
 612.8 -43.3969
 613 -43.3775
 613.2 -43.3583
 613.4 -43.339
 613.6 -43.3198
 613.8 -43.3007
 614 -43.2816
 614.2 -43.2626
 614.4 -43.2436
 614.6 -43.2247
 614.8 -43.2058
 615 -43.187
 615.2 -43.1682
 615.4 -43.1494
 615.6 -43.1307
 615.8 -43.1121
 616 -43.0935
 616.2 -43.0749
 616.4 -43.0564
 616.6 -43.0379
 616.8 -43.0195
 617 -43.0011
 617.2 -42.9827
 617.4 -42.9644
 617.6 -42.9462
 617.8 -42.9279
 618 -42.9097
 618.2 -42.8915
 618.4 -42.8734
 618.6 -42.8553
 618.8 -42.8372
 619 -42.8192
 619.2 -42.8011
 619.4 -42.7832
 619.6 -42.7652
 619.8 -42.7473
 620 -42.7294
 620.2 -42.7115
 620.4 -42.6936
 620.6 -42.6758
 620.8 -42.658
 621 -42.6402
 621.2 -42.6225
 621.4 -42.6047
 621.6 -42.587
 621.8 -42.5693
 622 -42.5516
 622.2 -42.5339
 622.4 -42.5162
 622.6 -42.4985
 622.8 -42.4809
 623 -42.4632
 623.2 -42.4456
 623.4 -42.428
 623.6 -42.4104
 623.8 -42.3927
 624 -42.3751
 624.2 -42.3575
 624.4 -42.3399
 624.6 -42.3223
 624.8 -42.3047
 625 -42.2871
 625.2 -42.2694
 625.4 -42.2518
 625.6 -42.2341
 625.8 -42.2165
 626 -42.1988
 626.2 -42.1811
 626.4 -42.1634
 626.6 -42.1457
 626.8 -42.128
 627 -42.1102
 627.2 -42.0925
 627.4 -42.0747
 627.6 -42.0568
 627.8 -42.039
 628 -42.0211
 628.2 -42.0032
 628.4 -41.9852
 628.6 -41.9672
 628.8 -41.9492
 629 -41.9311
 629.2 -41.913
 629.4 -41.8948
 629.6 -41.8766
 629.8 -41.8583
 630 -41.84
 630.2 -41.8217
 630.4 -41.8032
 630.6 -41.7847
 630.8 -41.7661
 631 -41.7475
 631.2 -41.7288
 631.4 -41.71
 631.6 -41.6912
 631.8 -41.6722
 632 -41.6532
 632.2 -41.6341
 632.4 -41.6148
 632.6 -41.5955
 632.8 -41.5761
 633 -41.5566
 633.2 -41.537
 633.4 -41.5172
 633.6 -41.4973
 633.8 -41.4774
 634 -41.4572
 634.2 -41.437
 634.4 -41.4166
 634.6 -41.396
 634.8 -41.3753
 635 -41.3544
 635.2 -41.3334
 635.4 -41.3122
 635.6 -41.2908
 635.8 -41.2692
 636 -41.2474
 636.2 -41.2254
 636.4 -41.2032
 636.6 -41.1808
 636.8 -41.1581
 637 -41.1352
 637.2 -41.112
 637.4 -41.0886
 637.6 -41.0649
 637.8 -41.0408
 638 -41.0165
 638.2 -40.9919
 638.4 -40.9669
 638.6 -40.9415
 638.8 -40.9158
 639 -40.8897
 639.2 -40.8632
 639.4 -40.8363
 639.6 -40.8088
 639.8 -40.781
 640 -40.7526
 640.2 -40.7236
 640.4 -40.6942
 640.6 -40.6641
 640.8 -40.6333
 641 -40.602
 641.2 -40.5699
 641.4 -40.537
 641.6 -40.5033
 641.8 -40.4688
 642 -40.4334
 642.2 -40.3969
 642.4 -40.3595
 642.6 -40.3209
 642.8 -40.2811
 643 -40.2399
 643.2 -40.1974
 643.4 -40.1533
 643.6 -40.1075
 643.8 -40.06
 644 -40.0104
 644.2 -39.9586
 644.4 -39.9045
 644.6 -39.8476
 644.8 -39.7878
 645 -39.7247
 645.2 -39.6579
 645.4 -39.5868
 645.6 -39.511
 645.8 -39.4297
 646 -39.342
 646.2 -39.247
 646.4 -39.1433
 646.6 -39.0291
 646.8 -38.9024
 647 -38.7601
 647.2 -38.5984
 647.4 -38.4116
 647.6 -38.1917
 647.8 -37.9261
 648 -37.595
 648.2 -37.1636
 648.4 -36.5649
 648.6 -35.6507
 648.8 -34.0138
 649 -30.0732
 649.2 -13.767
 649.4 25.1539
 649.6 26.4312
 649.8 16.4781
 650 4.25303
 650.2 -6.91031
 650.4 -16.3895
 650.6 -24.6656
 650.8 -32.1034
 651 -38.0867
 651.2 -42.091
 651.4 -44.3217
 651.6 -45.5284
 651.8 -46.1932
 652 -46.5588
 652.2 -46.7522
 652.4 -46.8448
 652.6 -46.879
 652.8 -46.881
 653 -46.8671
 653.2 -46.8474
 653.4 -46.8276
 653.6 -46.811
 653.8 -46.7991
 654 -46.7924
 654.2 -46.7907
 654.4 -46.7933
 654.6 -46.7997
 654.8 -46.8089
 655 -46.8202
 655.2 -46.8329
 655.4 -46.8463
 655.6 -46.8601
 655.8 -46.8736
 656 -46.8865
 656.2 -46.8987
 656.4 -46.9097
 656.6 -46.9196
 656.8 -46.9282
 657 -46.9353
 657.2 -46.9411
 657.4 -46.9454
 657.6 -46.9482
 657.8 -46.9496
 658 -46.9497
 658.2 -46.9483
 658.4 -46.9457
 658.6 -46.9418
 658.8 -46.9366
 659 -46.9304
 659.2 -46.923
 659.4 -46.9145
 659.6 -46.9051
 659.8 -46.8946
 660 -46.8833
 660.2 -46.8712
 660.4 -46.8582
 660.6 -46.8444
 660.8 -46.8299
 661 -46.8148
 661.2 -46.7989
 661.4 -46.7825
 661.6 -46.7655
 661.8 -46.748
 662 -46.7299
 662.2 -46.7114
 662.4 -46.6924
 662.6 -46.6729
 662.8 -46.6531
 663 -46.6329
 663.2 -46.6124
 663.4 -46.5915
 663.6 -46.5703
 663.8 -46.5488
 664 -46.527
 664.2 -46.505
 664.4 -46.4827
 664.6 -46.4603
 664.8 -46.4376
 665 -46.4147
 665.2 -46.3916
 665.4 -46.3684
 665.6 -46.345
 665.8 -46.3215
 666 -46.2979
 666.2 -46.2741
 666.4 -46.2502
 666.6 -46.2263
 666.8 -46.2022
 667 -46.1781
 667.2 -46.1539
 667.4 -46.1296
 667.6 -46.1053
 667.8 -46.0809
 668 -46.0565
 668.2 -46.032
 668.4 -46.0075
 668.6 -45.983
 668.8 -45.9585
 669 -45.9339
 669.2 -45.9094
 669.4 -45.8848
 669.6 -45.8603
 669.8 -45.8358
 670 -45.8112
 670.2 -45.7867
 670.4 -45.7622
 670.6 -45.7377
 670.8 -45.7133
 671 -45.6889
 671.2 -45.6645
 671.4 -45.6401
 671.6 -45.6158
 671.8 -45.5916
 672 -45.5673
 672.2 -45.5431
 672.4 -45.519
 672.6 -45.4949
 672.8 -45.4709
 673 -45.4469
 673.2 -45.423
 673.4 -45.3991
 673.6 -45.3753
 673.8 -45.3515
 674 -45.3278
 674.2 -45.3042
 674.4 -45.2807
 674.6 -45.2572
 674.8 -45.2337
 675 -45.2104
 675.2 -45.1871
 675.4 -45.1639
 675.6 -45.1407
 675.8 -45.1176
 676 -45.0946
 676.2 -45.0717
 676.4 -45.0488
 676.6 -45.0261
 676.8 -45.0034
 677 -44.9807
 677.2 -44.9582
 677.4 -44.9357
 677.6 -44.9133
 677.8 -44.891
 678 -44.8687
 678.2 -44.8466
 678.4 -44.8245
 678.6 -44.8025
 678.8 -44.7806
 679 -44.7587
 679.2 -44.737
 679.4 -44.7153
 679.6 -44.6937
 679.8 -44.6721
 680 -44.6507
 680.2 -44.6293
 680.4 -44.608
 680.6 -44.5868
 680.8 -44.5657
 681 -44.5447
 681.2 -44.5237
 681.4 -44.5028
 681.6 -44.482
 681.8 -44.4613
 682 -44.4406
 682.2 -44.4201
 682.4 -44.3996
 682.6 -44.3792
 682.8 -44.3589
 683 -44.3386
 683.2 -44.3185
 683.4 -44.2984
 683.6 -44.2784
 683.8 -44.2584
 684 -44.2386
 684.2 -44.2188
 684.4 -44.1991
 684.6 -44.1795
 684.8 -44.1599
 685 -44.1405
 685.2 -44.1211
 685.4 -44.1017
 685.6 -44.0825
 685.8 -44.0633
 686 -44.0442
 686.2 -44.0252
 686.4 -44.0063
 686.6 -43.9874
 686.8 -43.9686
 687 -43.9499
 687.2 -43.9312
 687.4 -43.9127
 687.6 -43.8942
 687.8 -43.8757
 688 -43.8574
 688.2 -43.8391
 688.4 -43.8208
 688.6 -43.8027
 688.8 -43.7846
 689 -43.7666
 689.2 -43.7486
 689.4 -43.7307
 689.6 -43.7129
 689.8 -43.6952
 690 -43.6775
 690.2 -43.6599
 690.4 -43.6423
 690.6 -43.6248
 690.8 -43.6074
 691 -43.59
 691.2 -43.5727
 691.4 -43.5555
 691.6 -43.5383
 691.8 -43.5212
 692 -43.5042
 692.2 -43.4872
 692.4 -43.4703
 692.6 -43.4534
 692.8 -43.4366
 693 -43.4198
 693.2 -43.4031
 693.4 -43.3865
 693.6 -43.3699
 693.8 -43.3534
 694 -43.3369
 694.2 -43.3205
 694.4 -43.3042
 694.6 -43.2879
 694.8 -43.2716
 695 -43.2554
 695.2 -43.2393
 695.4 -43.2232
 695.6 -43.2071
 695.8 -43.1912
 696 -43.1752
 696.2 -43.1593
 696.4 -43.1435
 696.6 -43.1277
 696.8 -43.1119
 697 -43.0963
 697.2 -43.0806
 697.4 -43.065
 697.6 -43.0494
 697.8 -43.0339
 698 -43.0184
 698.2 -43.003
 698.4 -42.9876
 698.6 -42.9723
 698.8 -42.957
 699 -42.9417
 699.2 -42.9265
 699.4 -42.9113
 699.6 -42.8962
 699.8 -42.8811
 700 -42.866
 700.2 -42.851
 700.4 -42.836
 700.6 -42.8211
 700.8 -42.8061
 701 -42.7913
 701.2 -42.7764
 701.4 -42.7616
 701.6 -42.7468
 701.8 -42.7321
 702 -42.7173
 702.2 -42.7027
 702.4 -42.688
 702.6 -42.6734
 702.8 -42.6588
 703 -42.6442
 703.2 -42.6296
 703.4 -42.6151
 703.6 -42.6006
 703.8 -42.5862
 704 -42.5717
 704.2 -42.5573
 704.4 -42.5429
 704.6 -42.5285
 704.8 -42.5142
 705 -42.4998
 705.2 -42.4855
 705.4 -42.4712
 705.6 -42.4569
 705.8 -42.4427
 706 -42.4284
 706.2 -42.4142
 706.4 -42.4
 706.6 -42.3858
 706.8 -42.3716
 707 -42.3574
 707.2 -42.3433
 707.4 -42.3291
 707.6 -42.315
 707.8 -42.3009
 708 -42.2867
 708.2 -42.2726
 708.4 -42.2585
 708.6 -42.2444
 708.8 -42.2303
 709 -42.2162
 709.2 -42.2021
 709.4 -42.188
 709.6 -42.1739
 709.8 -42.1598
 710 -42.1458
 710.2 -42.1317
 710.4 -42.1176
 710.6 -42.1034
 710.8 -42.0893
 711 -42.0752
 711.2 -42.0611
 711.4 -42.047
 711.6 -42.0328
 711.8 -42.0187
 712 -42.0045
 712.2 -41.9903
 712.4 -41.9761
 712.6 -41.9619
 712.8 -41.9477
 713 -41.9334
 713.2 -41.9191
 713.4 -41.9048
 713.6 -41.8905
 713.8 -41.8762
 714 -41.8618
 714.2 -41.8474
 714.4 -41.833
 714.6 -41.8185
 714.8 -41.804
 715 -41.7895
 715.2 -41.775
 715.4 -41.7604
 715.6 -41.7457
 715.8 -41.731
 716 -41.7163
 716.2 -41.7016
 716.4 -41.6867
 716.6 -41.6719
 716.8 -41.657
 717 -41.642
 717.2 -41.627
 717.4 -41.6119
 717.6 -41.5967
 717.8 -41.5815
 718 -41.5663
 718.2 -41.5509
 718.4 -41.5355
 718.6 -41.52
 718.8 -41.5045
 719 -41.4888
 719.2 -41.4731
 719.4 -41.4573
 719.6 -41.4414
 719.8 -41.4254
 720 -41.4094
 720.2 -41.3932
 720.4 -41.3769
 720.6 -41.3605
 720.8 -41.344
 721 -41.3274
 721.2 -41.3107
 721.4 -41.2938
 721.6 -41.2769
 721.8 -41.2597
 722 -41.2425
 722.2 -41.2251
 722.4 -41.2076
 722.6 -41.1899
 722.8 -41.172
 723 -41.154
 723.2 -41.1358
 723.4 -41.1174
 723.6 -41.0989
 723.8 -41.0801
 724 -41.0612
 724.2 -41.042
 724.4 -41.0226
 724.6 -41.003
 724.8 -40.9831
 725 -40.963
 725.2 -40.9427
 725.4 -40.9221
 725.6 -40.9011
 725.8 -40.8799
 726 -40.8584
 726.2 -40.8366
 726.4 -40.8144
 726.6 -40.7919
 726.8 -40.769
 727 -40.7457
 727.2 -40.7221
 727.4 -40.698
 727.6 -40.6734
 727.8 -40.6484
 728 -40.6228
 728.2 -40.5968
 728.4 -40.5702
 728.6 -40.543
 728.8 -40.5152
 729 -40.4867
 729.2 -40.4576
 729.4 -40.4277
 729.6 -40.397
 729.8 -40.3655
 730 -40.3331
 730.2 -40.2997
 730.4 -40.2654
 730.6 -40.2299
 730.8 -40.1932
 731 -40.1553
 731.2 -40.116
 731.4 -40.0753
 731.6 -40.0329
 731.8 -39.9887
 732 -39.9427
 732.2 -39.8945
 732.4 -39.8441
 732.6 -39.791
 732.8 -39.7352
 733 -39.6762
 733.2 -39.6136
 733.4 -39.547
 733.6 -39.476
 733.8 -39.3997
 734 -39.3174
 734.2 -39.2283
 734.4 -39.1309
 734.6 -39.0239
 734.8 -38.9052
 735 -38.7723
 735.2 -38.6215
 735.4 -38.4481
 735.6 -38.2449
 735.8 -38.0017
 736 -37.7016
 736.2 -37.317
 736.4 -36.7962
 736.6 -36.0319
 736.8 -34.7552
 737 -32.0712
 737.2 -23.2504
 737.4 14.6221
 737.6 27.3206
 737.8 20.7745
 738 9.09481
 738.2 -2.47312
 738.4 -12.4505
 738.6 -20.9829
 738.8 -28.5422
 739 -35.0121
 739.2 -39.8129
 739.4 -42.7917
 739.6 -44.4542
 739.8 -45.386
 740 -45.916
 740.2 -46.2151
 740.4 -46.3775
 740.6 -46.4586
 740.8 -46.4923
 741 -46.5
 741.2 -46.4949
 741.4 -46.4853
 741.6 -46.476
 741.8 -46.4696
 742 -46.4673
 742.2 -46.4694
 742.4 -46.4757
 742.6 -46.4856
 742.8 -46.4984
 743 -46.5136
 743.2 -46.5303
 743.4 -46.548
 743.6 -46.5662
 743.8 -46.5843
 744 -46.602
 744.2 -46.619
 744.4 -46.6351
 744.6 -46.65
 744.8 -46.6637
 745 -46.676
 745.2 -46.6869
 745.4 -46.6963
 745.6 -46.7043
 745.8 -46.7109
 746 -46.716
 746.2 -46.7198
 746.4 -46.7222
 746.6 -46.7233
 746.8 -46.7231
 747 -46.7218
 747.2 -46.7193
 747.4 -46.7157
 747.6 -46.711
 747.8 -46.7053
 748 -46.6987
 748.2 -46.6912
 748.4 -46.6828
 748.6 -46.6736
 748.8 -46.6636
 749 -46.6529
 749.2 -46.6415
 749.4 -46.6294
 749.6 -46.6167
 749.8 -46.6034
 750 -46.5895
 750.2 -46.5751
 750.4 -46.5603
 750.6 -46.5449
 750.8 -46.5291
 751 -46.5128
 751.2 -46.4962
 751.4 -46.4792
 751.6 -46.4618
 751.8 -46.4441
 752 -46.4261
 752.2 -46.4078
 752.4 -46.3892
 752.6 -46.3703
 752.8 -46.3512
 753 -46.3319
 753.2 -46.3123
 753.4 -46.2925
 753.6 -46.2726
 753.8 -46.2524
 754 -46.2321
 754.2 -46.2117
 754.4 -46.1911
 754.6 -46.1703
 754.8 -46.1495
 755 -46.1285
 755.2 -46.1074
 755.4 -46.0862
 755.6 -46.0649
 755.8 -46.0435
 756 -46.0221
 756.2 -46.0006
 756.4 -45.979
 756.6 -45.9574
 756.8 -45.9357
 757 -45.914
 757.2 -45.8923
 757.4 -45.8705
 757.6 -45.8487
 757.8 -45.8268
 758 -45.805
 758.2 -45.7831
 758.4 -45.7612
 758.6 -45.7394
 758.8 -45.7175
 759 -45.6956
 759.2 -45.6737
 759.4 -45.6519
 759.6 -45.63
 759.8 -45.6082
 760 -45.5864
 760.2 -45.5646
 760.4 -45.5428
 760.6 -45.5211
 760.8 -45.4993
 761 -45.4777
 761.2 -45.456
 761.4 -45.4344
 761.6 -45.4128
 761.8 -45.3913
 762 -45.3698
 762.2 -45.3484
 762.4 -45.327
 762.6 -45.3056
 762.8 -45.2843
 763 -45.2631
 763.2 -45.2418
 763.4 -45.2207
 763.6 -45.1996
 763.8 -45.1786
 764 -45.1576
 764.2 -45.1366
 764.4 -45.1158
 764.6 -45.095
 764.8 -45.0742
 765 -45.0535
 765.2 -45.0329
 765.4 -45.0123
 765.6 -44.9918
 765.8 -44.9714
 766 -44.951
 766.2 -44.9307
 766.4 -44.9105
 766.6 -44.8903
 766.8 -44.8702
 767 -44.8501
 767.2 -44.8302
 767.4 -44.8103
 767.6 -44.7904
 767.8 -44.7707
 768 -44.751
 768.2 -44.7314
 768.4 -44.7118
 768.6 -44.6923
 768.8 -44.6729
 769 -44.6536
 769.2 -44.6343
 769.4 -44.6151
 769.6 -44.596
 769.8 -44.5769
 770 -44.5579
 770.2 -44.539
 770.4 -44.5201
 770.6 -44.5014
 770.8 -44.4827
 771 -44.464
 771.2 -44.4455
 771.4 -44.427
 771.6 -44.4086
 771.8 -44.3902
 772 -44.372
 772.2 -44.3538
 772.4 -44.3356
 772.6 -44.3176
 772.8 -44.2996
 773 -44.2817
 773.2 -44.2638
 773.4 -44.2461
 773.6 -44.2284
 773.8 -44.2107
 774 -44.1932
 774.2 -44.1757
 774.4 -44.1583
 774.6 -44.1409
 774.8 -44.1236
 775 -44.1064
 775.2 -44.0893
 775.4 -44.0722
 775.6 -44.0552
 775.8 -44.0383
 776 -44.0214
 776.2 -44.0046
 776.4 -43.9879
 776.6 -43.9712
 776.8 -43.9546
 777 -43.9381
 777.2 -43.9216
 777.4 -43.9052
 777.6 -43.8889
 777.8 -43.8726
 778 -43.8564
 778.2 -43.8403
 778.4 -43.8242
 778.6 -43.8082
 778.8 -43.7922
 779 -43.7763
 779.2 -43.7605
 779.4 -43.7448
 779.6 -43.7291
 779.8 -43.7134
 780 -43.6979
 780.2 -43.6824
 780.4 -43.6669
 780.6 -43.6515
 780.8 -43.6362
 781 -43.6209
 781.2 -43.6057
 781.4 -43.5906
 781.6 -43.5755
 781.8 -43.5605
 782 -43.5455
 782.2 -43.5306
 782.4 -43.5157
 782.6 -43.5009
 782.8 -43.4862
 783 -43.4715
 783.2 -43.4569
 783.4 -43.4423
 783.6 -43.4278
 783.8 -43.4133
 784 -43.3989
 784.2 -43.3845
 784.4 -43.3702
 784.6 -43.356
 784.8 -43.3418
 785 -43.3276
 785.2 -43.3135
 785.4 -43.2995
 785.6 -43.2855
 785.8 -43.2715
 786 -43.2576
 786.2 -43.2438
 786.4 -43.23
 786.6 -43.2162
 786.8 -43.2025
 787 -43.1889
 787.2 -43.1753
 787.4 -43.1617
 787.6 -43.1482
 787.8 -43.1347
 788 -43.1213
 788.2 -43.1079
 788.4 -43.0946
 788.6 -43.0813
 788.8 -43.0681
 789 -43.0549
 789.2 -43.0417
 789.4 -43.0286
 789.6 -43.0155
 789.8 -43.0025
 790 -42.9895
 790.2 -42.9766
 790.4 -42.9636
 790.6 -42.9508
 790.8 -42.9379
 791 -42.9251
 791.2 -42.9124
 791.4 -42.8997
 791.6 -42.887
 791.8 -42.8744
 792 -42.8618
 792.2 -42.8492
 792.4 -42.8367
 792.6 -42.8242
 792.8 -42.8117
 793 -42.7993
 793.2 -42.7869
 793.4 -42.7745
 793.6 -42.7622
 793.8 -42.7499
 794 -42.7376
 794.2 -42.7254
 794.4 -42.7132
 794.6 -42.701
 794.8 -42.6889
 795 -42.6768
 795.2 -42.6647
 795.4 -42.6526
 795.6 -42.6406
 795.8 -42.6286
 796 -42.6166
 796.2 -42.6047
 796.4 -42.5928
 796.6 -42.5809
 796.8 -42.569
 797 -42.5572
 797.2 -42.5454
 797.4 -42.5336
 797.6 -42.5218
 797.8 -42.5101
 798 -42.4983
 798.2 -42.4866
 798.4 -42.4749
 798.6 -42.4633
 798.8 -42.4516
 799 -42.44
 799.2 -42.4284
 799.4 -42.4168
 799.6 -42.4053
 799.8 -42.3937
 800 -44.0455
 800.2 -45.1611
 800.4 -46.0248
 800.6 -46.7373
 800.8 -47.3471
 801 -47.882
 801.2 -48.3597
 801.4 -48.7924
 801.6 -49.1886
 801.8 -49.5549
 802 -49.8961
 802.2 -50.216
 802.4 -50.5178
 802.6 -50.8038
 802.8 -51.0759
 803 -51.336
 803.2 -51.5852
 803.4 -51.8247
 803.6 -52.0555
 803.8 -52.2783
 804 -52.494
 804.2 -52.703
 804.4 -52.9059
 804.6 -53.1031
 804.8 -53.295
 805 -53.4821
 805.2 -53.6645
 805.4 -53.8427
 805.6 -54.0167
 805.8 -54.187
 806 -54.3535
 806.2 -54.5167
 806.4 -54.6765
 806.6 -54.8332
 806.8 -54.9869
 807 -55.1378
 807.2 -55.2859
 807.4 -55.4315
 807.6 -55.5745
 807.8 -55.715
 808 -55.8533
 808.2 -55.9893
 808.4 -56.1231
 808.6 -56.2549
 808.8 -56.3846
 809 -56.5123
 809.2 -56.6382
 809.4 -56.7623
 809.6 -56.8845
 809.8 -57.0051
 810 -57.1239
 810.2 -57.2412
 810.4 -57.3568
 810.6 -57.4709
 810.8 -57.5835
 811 -57.6947
 811.2 -57.8044
 811.4 -57.9127
 811.6 -58.0197
 811.8 -58.1253
 812 -58.2297
 812.2 -58.3328
 812.4 -58.4347
 812.6 -58.5354
 812.8 -58.6349
 813 -58.7332
 813.2 -58.8304
 813.4 -58.9266
 813.6 -59.0216
 813.8 -59.1156
 814 -59.2086
 814.2 -59.3005
 814.4 -59.3914
 814.6 -59.4814
 814.8 -59.5704
 815 -59.6585
 815.2 -59.7457
 815.4 -59.8319
 815.6 -59.9173
 815.8 -60.0018
 816 -60.0855
 816.2 -60.1683
 816.4 -60.2503
 816.6 -60.3315
 816.8 -60.4118
 817 -60.4914
 817.2 -60.5703
 817.4 -60.6484
 817.6 -60.7257
 817.8 -60.8023
 818 -60.8782
 818.2 -60.9534
 818.4 -61.0278
 818.6 -61.1016
 818.8 -61.1748
 819 -61.2472
 819.2 -61.319
 819.4 -61.3902
 819.6 -61.4607
 819.8 -61.5306
 820 -61.5999
 820.2 -61.6686
 820.4 -61.7367
 820.6 -61.8042
 820.8 -61.8711
 821 -61.9374
 821.2 -62.0032
 821.4 -62.0684
 821.6 -62.1331
 821.8 -62.1972
 822 -62.2608
 822.2 -62.3239
 822.4 -62.3864
 822.6 -62.4485
 822.8 -62.51
 823 -62.571
 823.2 -62.6315
 823.4 -62.6916
 823.6 -62.7511
 823.8 -62.8102
 824 -62.8688
 824.2 -62.927
 824.4 -62.9847
 824.6 -63.0419
 824.8 -63.0987
 825 -63.1551
 825.2 -63.211
 825.4 -63.2665
 825.6 -63.3216
 825.8 -63.3762
 826 -63.4304
 826.2 -63.4842
 826.4 -63.5376
 826.6 -63.5906
 826.8 -63.6432
 827 -63.6954
 827.2 -63.7472
 827.4 -63.7987
 827.6 -63.8497
 827.8 -63.9004
 828 -63.9507
 828.2 -64.0006
 828.4 -64.0502
 828.6 -64.0994
 828.8 -64.1482
 829 -64.1967
 829.2 -64.2448
 829.4 -64.2926
 829.6 -64.34
 829.8 -64.3871
 830 -64.4338
 830.2 -64.4802
 830.4 -64.5263
 830.6 -64.5721
 830.8 -64.6175
 831 -64.6626
 831.2 -64.7074
 831.4 -64.7518
 831.6 -64.796
 831.8 -64.8398
 832 -64.8833
 832.2 -64.9265
 832.4 -64.9695
 832.6 -65.0121
 832.8 -65.0544
 833 -65.0964
 833.2 -65.1381
 833.4 -65.1795
 833.6 -65.2206
 833.8 -65.2615
 834 -65.302
 834.2 -65.3423
 834.4 -65.3823
 834.6 -65.422
 834.8 -65.4614
 835 -65.5006
 835.2 -65.5395
 835.4 -65.5781
 835.6 -65.6164
 835.8 -65.6545
 836 -65.6923
 836.2 -65.7298
 836.4 -65.7671
 836.6 -65.8041
 836.8 -65.8409
 837 -65.8774
 837.2 -65.9136
 837.4 -65.9496
 837.6 -65.9854
 837.8 -66.0209
 838 -66.0561
 838.2 -66.0911
 838.4 -66.1258
 838.6 -66.1603
 838.8 -66.1946
 839 -66.2286
 839.2 -66.2624
 839.4 -66.2959
 839.6 -66.3292
 839.8 -66.3623
 840 -66.3951
 840.2 -66.4277
 840.4 -66.4601
 840.6 -66.4922
 840.8 -66.5241
 841 -66.5558
 841.2 -66.5872
 841.4 -66.6184
 841.6 -66.6494
 841.8 -66.6802
 842 -66.7107
 842.2 -66.7411
 842.4 -66.7712
 842.6 -66.8011
 842.8 -66.8307
 843 -66.8602
 843.2 -66.8894
 843.4 -66.9184
 843.6 -66.9472
 843.8 -66.9758
 844 -67.0042
 844.2 -67.0324
 844.4 -67.0603
 844.6 -67.0881
 844.8 -67.1156
 845 -67.1429
 845.2 -67.1701
 845.4 -67.197
 845.6 -67.2237
 845.8 -67.2502
 846 -67.2765
 846.2 -67.3026
 846.4 -67.3285
 846.6 -67.3542
 846.8 -67.3797
 847 -67.405
 847.2 -67.4301
 847.4 -67.455
 847.6 -67.4797
 847.8 -67.5042
 848 -67.5285
 848.2 -67.5527
 848.4 -67.5766
 848.6 -67.6003
 848.8 -67.6239
 849 -67.6472
 849.2 -67.6704
 849.4 -67.6933
 849.6 -67.7161
 849.8 -67.7387
 850 -67.7611
 850.2 -67.7833
 850.4 -67.8053
 850.6 -67.8272
 850.8 -67.8488
 851 -67.8703
 851.2 -67.8916
 851.4 -67.9127
 851.6 -67.9336
 851.8 -67.9544
 852 -67.9749
 852.2 -67.9953
 852.4 -68.0155
 852.6 -68.0355
 852.8 -68.0554
 853 -68.075
 853.2 -68.0945
 853.4 -68.1138
 853.6 -68.1329
 853.8 -68.1519
 854 -68.1707
 854.2 -68.1893
 854.4 -68.2077
 854.6 -68.226
 854.8 -68.244
 855 -68.2619
 855.2 -68.2797
 855.4 -68.2973
 855.6 -68.3147
 855.8 -68.3319
 856 -68.3489
 856.2 -68.3658
 856.4 -68.3825
 856.6 -68.3991
 856.8 -68.4155
 857 -68.4317
 857.2 -68.4478
 857.4 -68.4637
 857.6 -68.4794
 857.8 -68.4949
 858 -68.5103
 858.2 -68.5256
 858.4 -68.5406
 858.6 -68.5555
 858.8 -68.5703
 859 -68.5849
 859.2 -68.5993
 859.4 -68.6136
 859.6 -68.6277
 859.8 -68.6416
 860 -68.6554
 860.2 -68.6691
 860.4 -68.6826
 860.6 -68.6959
 860.8 -68.709
 861 -68.7221
 861.2 -68.7349
 861.4 -68.7476
 861.6 -68.7602
 861.8 -68.7726
 862 -68.7848
 862.2 -68.7969
 862.4 -68.8089
 862.6 -68.8207
 862.8 -68.8323
 863 -68.8438
 863.2 -68.8552
 863.4 -68.8664
 863.6 -68.8774
 863.8 -68.8884
 864 -68.8991
 864.2 -68.9097
 864.4 -68.9202
 864.6 -68.9305
 864.8 -68.9407
 865 -68.9508
 865.2 -68.9607
 865.4 -68.9704
 865.6 -68.9801
 865.8 -68.9895
 866 -68.9989
 866.2 -69.0081
 866.4 -69.0171
 866.6 -69.0261
 866.8 -69.0348
 867 -69.0435
 867.2 -69.052
 867.4 -69.0604
 867.6 -69.0686
 867.8 -69.0768
 868 -69.0847
 868.2 -69.0926
 868.4 -69.1003
 868.6 -69.1079
 868.8 -69.1153
 869 -69.1226
 869.2 -69.1298
 869.4 -69.1369
 869.6 -69.1438
 869.8 -69.1506
 870 -69.1573
 870.2 -69.1639
 870.4 -69.1703
 870.6 -69.1766
 870.8 -69.1828
 871 -69.1888
 871.2 -69.1948
 871.4 -69.2006
 871.6 -69.2063
 871.8 -69.2118
 872 -69.2173
 872.2 -69.2226
 872.4 -69.2278
 872.6 -69.2329
 872.8 -69.2379
 873 -69.2427
 873.2 -69.2475
 873.4 -69.2521
 873.6 -69.2566
 873.8 -69.261
 874 -69.2653
 874.2 -69.2695
 874.4 -69.2735
 874.6 -69.2775
 874.8 -69.2813
 875 -69.2851
 875.2 -69.2887
 875.4 -69.2922
 875.6 -69.2956
 875.8 -69.2989
 876 -69.3021
 876.2 -69.3052
 876.4 -69.3081
 876.6 -69.311
 876.8 -69.3138
 877 -69.3164
 877.2 -69.319
 877.4 -69.3215
 877.6 -69.3238
 877.8 -69.3261
 878 -69.3283
 878.2 -69.3303
 878.4 -69.3323
 878.6 -69.3342
 878.8 -69.336
 879 -69.3376
 879.2 -69.3392
 879.4 -69.3407
 879.6 -69.3421
 879.8 -69.3434
 880 -69.3446
 880.2 -69.3458
 880.4 -69.3468
 880.6 -69.3477
 880.8 -69.3486
 881 -69.3493
 881.2 -69.35
 881.4 -69.3506
 881.6 -69.3511
 881.8 -69.3515
 882 -69.3519
 882.2 -69.3521
 882.4 -69.3523
 882.6 -69.3523
 882.8 -69.3523
 883 -69.3523
 883.2 -69.3521
 883.4 -69.3519
 883.6 -69.3515
 883.8 -69.3511
 884 -69.3507
 884.2 -69.3501
 884.4 -69.3495
 884.6 -69.3488
 884.8 -69.348
 885 -69.3471
 885.2 -69.3462
 885.4 -69.3452
 885.6 -69.3441
 885.8 -69.343
 886 -69.3418
 886.2 -69.3405
 886.4 -69.3391
 886.6 -69.3377
 886.8 -69.3362
 887 -69.3346
 887.2 -69.333
 887.4 -69.3313
 887.6 -69.3296
 887.8 -69.3277
 888 -69.3258
 888.2 -69.3239
 888.4 -69.3219
 888.6 -69.3198
 888.8 -69.3177
 889 -69.3155
 889.2 -69.3132
 889.4 -69.3109
 889.6 -69.3086
 889.8 -69.3061
 890 -69.3036
 890.2 -69.3011
 890.4 -69.2985
 890.6 -69.2958
 890.8 -69.2931
 891 -69.2904
 891.2 -69.2876
 891.4 -69.2847
 891.6 -69.2818
 891.8 -69.2788
 892 -69.2758
 892.2 -69.2727
 892.4 -69.2696
 892.6 -69.2664
 892.8 -69.2632
 893 -69.26
 893.2 -69.2567
 893.4 -69.2533
 893.6 -69.2499
 893.8 -69.2465
 894 -69.243
 894.2 -69.2394
 894.4 -69.2359
 894.6 -69.2322
 894.8 -69.2286
 895 -69.2249
 895.2 -69.2211
 895.4 -69.2174
 895.6 -69.2135
 895.8 -69.2097
 896 -69.2058
 896.2 -69.2019
 896.4 -69.1979
 896.6 -69.1939
 896.8 -69.1898
 897 -69.1858
 897.2 -69.1817
 897.4 -69.1775
 897.6 -69.1733
 897.8 -69.1691
 898 -69.1649
 898.2 -69.1606
 898.4 -69.1563
 898.6 -69.152
 898.8 -69.1476
 899 -69.1432
 899.2 -69.1388
 899.4 -69.1343
 899.6 -69.1298
 899.8 -69.1253
 900 -69.1208
 900.2 -69.1162
 900.4 -69.1117
 900.6 -69.107
 900.8 -69.1024
 901 -69.0977
 901.2 -69.0931
 901.4 -69.0884
 901.6 -69.0836
 901.8 -69.0789
 902 -69.0741
 902.2 -69.0693
 902.4 -69.0645
 902.6 -69.0597
 902.8 -69.0548
 903 -69.0499
 903.2 -69.045
 903.4 -69.0401
 903.6 -69.0352
 903.8 -69.0303
 904 -69.0253
 904.2 -69.0203
 904.4 -69.0153
 904.6 -69.0103
 904.8 -69.0053
 905 -69.0002
 905.2 -68.9952
 905.4 -68.9901
 905.6 -68.9851
 905.8 -68.98
 906 -68.9749
 906.2 -68.9697
 906.4 -68.9646
 906.6 -68.9595
 906.8 -68.9543
 907 -68.9492
 907.2 -68.944
 907.4 -68.9388
 907.6 -68.9336
 907.8 -68.9284
 908 -68.9232
 908.2 -68.918
 908.4 -68.9128
 908.6 -68.9076
 908.8 -68.9023
 909 -68.8971
 909.2 -68.8919
 909.4 -68.8866
 909.6 -68.8814
 909.8 -68.8761
 910 -68.8708
 910.2 -68.8656
 910.4 -68.8603
 910.6 -68.855
 910.8 -68.8497
 911 -68.8445
 911.2 -68.8392
 911.4 -68.8339
 911.6 -68.8286
 911.8 -68.8233
 912 -68.818
 912.2 -68.8128
 912.4 -68.8075
 912.6 -68.8022
 912.8 -68.7969
 913 -68.7916
 913.2 -68.7863
 913.4 -68.781
 913.6 -68.7757
 913.8 -68.7705
 914 -68.7652
 914.2 -68.7599
 914.4 -68.7546
 914.6 -68.7494
 914.8 -68.7441
 915 -68.7388
 915.2 -68.7336
 915.4 -68.7283
 915.6 -68.7231
 915.8 -68.7178
 916 -68.7126
 916.2 -68.7074
 916.4 -68.7021
 916.6 -68.6969
 916.8 -68.6917
 917 -68.6865
 917.2 -68.6813
 917.4 -68.6761
 917.6 -68.6709
 917.8 -68.6657
 918 -68.6605
 918.2 -68.6554
 918.4 -68.6502
 918.6 -68.6451
 918.8 -68.6399
 919 -68.6348
 919.2 -68.6297
 919.4 -68.6246
 919.6 -68.6194
 919.8 -68.6144
 920 -68.6093
 920.2 -68.6042
 920.4 -68.5991
 920.6 -68.5941
 920.8 -68.589
 921 -68.584
 921.2 -68.579
 921.4 -68.574
 921.6 -68.569
 921.8 -68.564
 922 -68.559
 922.2 -68.554
 922.4 -68.5491
 922.6 -68.5441
 922.8 -68.5392
 923 -68.5343
 923.2 -68.5294
 923.4 -68.5245
 923.6 -68.5196
 923.8 -68.5148
 924 -68.5099
 924.2 -68.5051
 924.4 -68.5003
 924.6 -68.4955
 924.8 -68.4907
 925 -68.4859
 925.2 -68.4811
 925.4 -68.4764
 925.6 -68.4716
 925.8 -68.4669
 926 -68.4622
 926.2 -68.4575
 926.4 -68.4528
 926.6 -68.4482
 926.8 -68.4435
 927 -68.4389
 927.2 -68.4343
 927.4 -68.4297
 927.6 -68.4251
 927.8 -68.4205
 928 -68.416
 928.2 -68.4115
 928.4 -68.4069
 928.6 -68.4024
 928.8 -68.3979
 929 -68.3935
 929.2 -68.389
 929.4 -68.3846
 929.6 -68.3802
 929.8 -68.3758
 930 -68.3714
 930.2 -68.367
 930.4 -68.3627
 930.6 -68.3583
 930.8 -68.354
 931 -68.3497
 931.2 -68.3454
 931.4 -68.3412
 931.6 -68.3369
 931.8 -68.3327
 932 -68.3285
 932.2 -68.3243
 932.4 -68.3201
 932.6 -68.316
 932.8 -68.3118
 933 -68.3077
 933.2 -68.3036
 933.4 -68.2995
 933.6 -68.2955
 933.8 -68.2914
 934 -68.2874
 934.2 -68.2834
 934.4 -68.2794
 934.6 -68.2754
 934.8 -68.2715
 935 -68.2675
 935.2 -68.2636
 935.4 -68.2597
 935.6 -68.2558
 935.8 -68.252
 936 -68.2481
 936.2 -68.2443
 936.4 -68.2405
 936.6 -68.2367
 936.8 -68.233
 937 -68.2292
 937.2 -68.2255
 937.4 -68.2218
 937.6 -68.2181
 937.8 -68.2144
 938 -68.2108
 938.2 -68.2071
 938.4 -68.2035
 938.6 -68.1999
 938.8 -68.1963
 939 -68.1928
 939.2 -68.1892
 939.4 -68.1857
 939.6 -68.1822
 939.8 -68.1788
 940 -68.1753
 940.2 -68.1719
 940.4 -68.1684
 940.6 -68.165
 940.8 -68.1616
 941 -68.1583
 941.2 -68.1549
 941.4 -68.1516
 941.6 -68.1483
 941.8 -68.145
 942 -68.1417
 942.2 -68.1385
 942.4 -68.1353
 942.6 -68.1321
 942.8 -68.1289
 943 -68.1257
 943.2 -68.1225
 943.4 -68.1194
 943.6 -68.1163
 943.8 -68.1132
 944 -68.1101
 944.2 -68.1071
 944.4 -68.104
 944.6 -68.101
 944.8 -68.098
 945 -68.095
 945.2 -68.092
 945.4 -68.0891
 945.6 -68.0862
 945.8 -68.0833
 946 -68.0804
 946.2 -68.0775
 946.4 -68.0747
 946.6 -68.0718
 946.8 -68.069
 947 -68.0662
 947.2 -68.0634
 947.4 -68.0607
 947.6 -68.058
 947.8 -68.0552
 948 -68.0525
 948.2 -68.0498
 948.4 -68.0472
 948.6 -68.0445
 948.8 -68.0419
 949 -68.0393
 949.2 -68.0367
 949.4 -68.0341
 949.6 -68.0316
 949.8 -68.029
 950 -68.0265
 950.2 -68.024
 950.4 -68.0215
 950.6 -68.0191
 950.8 -68.0166
 951 -68.0142
 951.2 -68.0118
 951.4 -68.0094
 951.6 -68.007
 951.8 -68.0047
 952 -68.0023
 952.2 -68
 952.4 -67.9977
 952.6 -67.9954
 952.8 -67.9932
 953 -67.9909
 953.2 -67.9887
 953.4 -67.9864
 953.6 -67.9842
 953.8 -67.9821
 954 -67.9799
 954.2 -67.9778
 954.4 -67.9756
 954.6 -67.9735
 954.8 -67.9714
 955 -67.9693
 955.2 -67.9673
 955.4 -67.9652
 955.6 -67.9632
 955.8 -67.9612
 956 -67.9592
 956.2 -67.9572
 956.4 -67.9552
 956.6 -67.9533
 956.8 -67.9513
 957 -67.9494
 957.2 -67.9475
 957.4 -67.9456
 957.6 -67.9438
 957.8 -67.9419
 958 -67.9401
 958.2 -67.9383
 958.4 -67.9365
 958.6 -67.9347
 958.8 -67.9329
 959 -67.9312
 959.2 -67.9294
 959.4 -67.9277
 959.6 -67.926
 959.8 -67.9243
 960 -67.9226
 960.2 -67.9209
 960.4 -67.9193
 960.6 -67.9177
 960.8 -67.916
 961 -67.9144
 961.2 -67.9129
 961.4 -67.9113
 961.6 -67.9097
 961.8 -67.9082
 962 -67.9066
 962.2 -67.9051
 962.4 -67.9036
 962.6 -67.9021
 962.8 -67.9007
 963 -67.8992
 963.2 -67.8978
 963.4 -67.8963
 963.6 -67.8949
 963.8 -67.8935
 964 -67.8921
 964.2 -67.8908
 964.4 -67.8894
 964.6 -67.8881
 964.8 -67.8867
 965 -67.8854
 965.2 -67.8841
 965.4 -67.8828
 965.6 -67.8815
 965.8 -67.8803
 966 -67.879
 966.2 -67.8778
 966.4 -67.8766
 966.6 -67.8753
 966.8 -67.8741
 967 -67.873
 967.2 -67.8718
 967.4 -67.8706
 967.6 -67.8695
 967.8 -67.8683
 968 -67.8672
 968.2 -67.8661
 968.4 -67.865
 968.6 -67.8639
 968.8 -67.8629
 969 -67.8618
 969.2 -67.8607
 969.4 -67.8597
 969.6 -67.8587
 969.8 -67.8577
 970 -67.8567
 970.2 -67.8557
 970.4 -67.8547
 970.6 -67.8537
 970.8 -67.8528
 971 -67.8518
 971.2 -67.8509
 971.4 -67.85
 971.6 -67.8491
 971.8 -67.8482
 972 -67.8473
 972.2 -67.8464
 972.4 -67.8455
 972.6 -67.8447
 972.8 -67.8438
 973 -67.843
 973.2 -67.8422
 973.4 -67.8414
 973.6 -67.8406
 973.8 -67.8398
 974 -67.839
 974.2 -67.8382
 974.4 -67.8375
 974.6 -67.8367
 974.8 -67.836
 975 -67.8353
 975.2 -67.8345
 975.4 -67.8338
 975.6 -67.8331
 975.8 -67.8324
 976 -67.8318
 976.2 -67.8311
 976.4 -67.8304
 976.6 -67.8298
 976.8 -67.8291
 977 -67.8285
 977.2 -67.8279
 977.4 -67.8273
 977.6 -67.8266
 977.8 -67.8261
 978 -67.8255
 978.2 -67.8249
 978.4 -67.8243
 978.6 -67.8238
 978.8 -67.8232
 979 -67.8227
 979.2 -67.8221
 979.4 -67.8216
 979.6 -67.8211
 979.8 -67.8206
 980 -67.8201
 980.2 -67.8196
 980.4 -67.8191
 980.6 -67.8186
 980.8 -67.8181
 981 -67.8177
 981.2 -67.8172
 981.4 -67.8168
 981.6 -67.8163
 981.8 -67.8159
 982 -67.8155
 982.2 -67.8151
 982.4 -67.8147
 982.6 -67.8143
 982.8 -67.8139
 983 -67.8135
 983.2 -67.8131
 983.4 -67.8127
 983.6 -67.8124
 983.8 -67.812
 984 -67.8117
 984.2 -67.8113
 984.4 -67.811
 984.6 -67.8107
 984.8 -67.8103
 985 -67.81
 985.2 -67.8097
 985.4 -67.8094
 985.6 -67.8091
 985.8 -67.8088
 986 -67.8085
 986.2 -67.8083
 986.4 -67.808
 986.6 -67.8077
 986.8 -67.8075
 987 -67.8072
 987.2 -67.807
 987.4 -67.8067
 987.6 -67.8065
 987.8 -67.8063
 988 -67.806
 988.2 -67.8058
 988.4 -67.8056
 988.6 -67.8054
 988.8 -67.8052
 989 -67.805
 989.2 -67.8048
 989.4 -67.8046
 989.6 -67.8045
 989.8 -67.8043
 990 -67.8041
 990.2 -67.804
 990.4 -67.8038
 990.6 -67.8036
 990.8 -67.8035
 991 -67.8033
 991.2 -67.8032
 991.4 -67.8031
 991.6 -67.8029
 991.8 -67.8028
 992 -67.8027
 992.2 -67.8026
 992.4 -67.8025
 992.6 -67.8024
 992.8 -67.8023
 993 -67.8022
 993.2 -67.8021
 993.4 -67.802
 993.6 -67.8019
 993.8 -67.8018
 994 -67.8017
 994.2 -67.8017
 994.4 -67.8016
 994.6 -67.8015
 994.8 -67.8015
 995 -67.8014
 995.2 -67.8014
 995.4 -67.8013
 995.6 -67.8013
 995.8 -67.8012
 996 -67.8012
 996.2 -67.8011
 996.4 -67.8011
 996.6 -67.8011
 996.8 -67.8011
 997 -67.801
 997.2 -67.801
 997.4 -67.801
 997.6 -67.801
 997.8 -67.801
 998 -67.801
 998.2 -67.801
 998.4 -67.801
 998.6 -67.801
 998.8 -67.801
 999 -67.801
 999.2 -67.801
 999.4 -67.801
 999.6 -67.801
 999.8 -67.8011
